2 0.606667 0.104167 0.033333 0.055000
2 0.844583 0.321667 0.017500 0.063333
2 0.787500 0.284167 0.025000 0.021667
2 0.841250 0.851667 0.032500 0.073333
2 0.551250 0.674167 0.037500 0.038333
3 0.377500 0.926667 0.020000 0.036667
3 0.296667 0.889167 0.018333 0.038333
3 0.242500 0.916667 0.015000 0.026667
3 0.532500 0.866667 0.010000 0.023333
3 0.556250 0.791667 0.012500 0.030000
3 0.283750 0.084167 0.017500 0.031667
3 0.470000 0.079167 0.010000 0.018333
3 0.610000 0.204167 0.015000 0.028333
3 0.262917 0.174167 0.009167 0.018333
3 0.317917 0.181667 0.012500 0.026667
3 0.427500 0.341667 0.015000 0.030000
3 0.484167 0.211667 0.010000 0.020000
3 0.467500 0.854167 0.010000 0.018333
3 0.462500 0.924167 0.010000 0.018333
3 0.442917 0.924167 0.009167 0.018333
3 0.304167 0.759167 0.010000 0.018333
3 0.235417 0.871667 0.010833 0.023333
3 0.325000 0.306667 0.015000 0.033333
3 0.620000 0.660000 0.010000 0.030000
3 0.406250 0.774167 0.010833 0.021667
3 0.475000 0.274167 0.010000 0.015000
3 0.510000 0.129167 0.010000 0.015000
3 0.540417 0.336667 0.012500 0.030000
2 0.737500 0.379167 0.020000 0.025000
2 0.595000 0.226667 0.020000 0.043333
2 0.742500 0.289167 0.045000 0.015000
3 0.200000 0.286667 0.010000 0.016667
3 0.190417 0.276667 0.007500 0.016667
3 0.280000 0.316667 0.010000 0.020000
3 0.440417 0.104167 0.009167 0.015000
3 0.440000 0.141667 0.005000 0.010000
3 0.456667 0.181667 0.006667 0.013333
3 0.416667 0.191667 0.006667 0.013333
3 0.350833 0.209167 0.005000 0.011667
3 0.310417 0.111667 0.007500 0.016667
3 0.293333 0.119167 0.010000 0.018333
3 0.323750 0.691667 0.007500 0.013333
3 0.412500 0.857500 0.005000 0.015000
3 0.364167 0.859167 0.006667 0.011667
3 0.366667 0.794167 0.006667 0.015000
3 0.243750 0.744167 0.007500 0.015000
3 0.232083 0.822500 0.007500 0.015000
3 0.646250 0.759167 0.017500 0.035000
3 0.551250 0.724167 0.007500 0.015000
3 0.795000 0.369167 0.005000 0.008333
3 0.735000 0.196667 0.008333 0.013333
3 0.701667 0.231667 0.006667 0.013333
3 0.804583 0.691667 0.007500 0.013333
3 0.912917 0.771667 0.007500 0.013333
3 0.433750 0.809167 0.007500 0.015000
3 0.315000 0.829167 0.010000 0.021667
3 0.200833 0.656667 0.005000 0.013333
3 0.352917 0.669167 0.007500 0.015000
3 0.187917 0.641667 0.005833 0.013333
3 0.234167 0.214167 0.008333 0.015000
3 0.497917 0.136667 0.009167 0.016667
3 0.456667 0.066667 0.006667 0.016667
3 0.752917 0.854167 0.007500 0.015000
3 0.442917 0.829167 0.007500 0.015000
3 0.760000 0.241667 0.008333 0.016667
3 0.593750 0.546667 0.007500 0.013333
3 0.526250 0.719167 0.004167 0.008333
3 0.530833 0.745000 0.005000 0.010000
3 0.504583 0.746667 0.004167 0.006667
3 0.490833 0.824167 0.005000 0.008333
3 0.402500 0.795000 0.005000 0.010000
3 0.562083 0.569167 0.007500 0.011667
3 0.426250 0.554167 0.007500 0.015000
3 0.630417 0.497500 0.007500 0.015000
3 0.808333 0.526667 0.005000 0.013333
3 0.763750 0.494167 0.005833 0.011667
3 0.694583 0.501667 0.007500 0.016667
3 0.648750 0.476667 0.009167 0.016667
3 0.310000 0.489167 0.008333 0.018333
3 0.545417 0.529167 0.007500 0.015000
3 0.775417 0.554167 0.005833 0.011667
3 0.860417 0.546667 0.004167 0.006667
3 0.905000 0.510000 0.005000 0.010000
3 0.760833 0.546667 0.005000 0.006667
3 0.667500 0.261667 0.005000 0.010000
3 0.669167 0.384167 0.006667 0.011667
3 0.476667 0.341667 0.006667 0.013333
3 0.443333 0.340000 0.005000 0.010000
3 0.462917 0.214167 0.007500 0.011667
3 0.472500 0.236667 0.006667 0.013333
3 0.457917 0.245000 0.005833 0.010000
3 0.358750 0.344167 0.007500 0.015000
3 0.260000 0.369167 0.006667 0.011667
3 0.292500 0.356667 0.008333 0.016667
3 0.228333 0.656667 0.005000 0.013333
3 0.228333 0.801667 0.005000 0.010000
3 0.288750 0.824167 0.004167 0.008333
3 0.277917 0.819167 0.004167 0.008333
3 0.281667 0.835000 0.005000 0.010000
3 0.292917 0.804167 0.004167 0.008333
3 0.254167 0.781667 0.005000 0.010000
3 0.352083 0.796667 0.007500 0.013333
3 0.511250 0.896667 0.017500 0.023333
3 0.788750 0.631667 0.007500 0.013333
3 0.229167 0.346667 0.005000 0.010000
3 0.437083 0.539167 0.007500 0.015000
3 0.402917 0.534167 0.007500 0.018333
3 0.508750 0.539167 0.007500 0.015000
3 0.370000 0.486667 0.010000 0.016667
3 0.724583 0.559167 0.007500 0.015000
3 0.508333 0.406667 0.010000 0.016667
3 0.298333 0.381667 0.010000 0.020000
3 0.387500 0.764167 0.008333 0.015000
3 0.477917 0.751667 0.004167 0.010000
3 0.472500 0.796667 0.005000 0.010000
3 0.552917 0.754167 0.004167 0.011667
3 0.340417 0.727500 0.005833 0.011667
3 0.249167 0.687500 0.005000 0.008333
3 0.270833 0.703333 0.006667 0.010000
3 0.220000 0.684167 0.005000 0.011667
3 0.246250 0.633333 0.005833 0.010000
3 0.438333 0.778333 0.006667 0.013333
3 0.200833 0.390833 0.006667 0.011667
3 0.244167 0.397500 0.006667 0.015000
3 0.250417 0.221667 0.005833 0.010000
3 0.269167 0.279167 0.005000 0.011667
3 0.520000 0.177500 0.006667 0.011667
3 0.725417 0.250833 0.005833 0.011667
3 0.772917 0.860000 0.005833 0.016667
3 0.587917 0.738333 0.005833 0.010000
3 0.599583 0.690833 0.005833 0.011667
3 0.617083 0.724167 0.005833 0.011667
3 0.922083 0.783333 0.004167 0.010000
3 0.952083 0.780833 0.004167 0.008333
3 0.778750 0.304167 0.004167 0.008333
3 0.767500 0.326667 0.006667 0.013333
3 0.850833 0.738333 0.005000 0.010000
3 0.862917 0.765833 0.004167 0.011667
3 0.809167 0.305000 0.003333 0.006667
3 0.787500 0.320833 0.003333 0.008333
3 0.810833 0.281667 0.003333 0.006667
3 0.490417 0.188333 0.004167 0.010000
3 0.477917 0.142500 0.004167 0.008333
3 0.554167 0.205000 0.005000 0.010000
3 0.531250 0.266667 0.005833 0.010000
3 0.464583 0.280833 0.005833 0.011667
3 0.416250 0.343333 0.005833 0.013333
3 0.375417 0.300833 0.005833 0.011667
3 0.353750 0.299167 0.005833 0.011667
3 0.339583 0.294167 0.004167 0.008333
3 0.338333 0.264167 0.005000 0.011667
3 0.364167 0.247500 0.005000 0.008333
3 0.349167 0.248333 0.005000 0.010000
3 0.369167 0.341667 0.005000 0.010000
3 0.280000 0.362500 0.006667 0.011667
3 0.227500 0.300000 0.003333 0.006667
3 0.241667 0.333333 0.005000 0.010000
3 0.272917 0.240833 0.004167 0.008333
3 0.218750 0.626667 0.004167 0.010000
3 0.285000 0.765000 0.006667 0.013333
3 0.328333 0.731667 0.008333 0.016667
3 0.354167 0.691667 0.005000 0.013333
3 0.534583 0.803333 0.007500 0.016667
3 0.529167 0.824167 0.008333 0.015000
3 0.497500 0.770000 0.006667 0.013333
3 0.576667 0.686667 0.005000 0.010000
3 0.552083 0.295000 0.005833 0.010000
