2 0.380833 0.332500 0.030000 0.025000
2 0.605417 0.109167 0.024167 0.041667
2 0.586667 0.156667 0.025000 0.083333
2 0.327083 0.171667 0.017500 0.053333
2 0.440417 0.864167 0.017500 0.028333
3 0.290417 0.121667 0.015833 0.036667
3 0.477917 0.121667 0.010833 0.023333
3 0.465000 0.114167 0.010000 0.018333
3 0.450000 0.136667 0.008333 0.013333
3 0.427917 0.214167 0.007500 0.015000
3 0.246250 0.221667 0.009167 0.016667
3 0.272083 0.200000 0.012500 0.020000
3 0.299167 0.244167 0.015000 0.018333
3 0.248750 0.371667 0.007500 0.013333
3 0.277917 0.321667 0.012500 0.020000
3 0.411250 0.354167 0.012500 0.028333
3 0.347917 0.229167 0.005833 0.011667
3 0.207083 0.299167 0.007500 0.015000
3 0.201250 0.284167 0.007500 0.018333
3 0.255833 0.889167 0.015000 0.031667
3 0.300000 0.859167 0.020000 0.035000
3 0.247083 0.849167 0.012500 0.021667
3 0.243750 0.814167 0.007500 0.018333
3 0.353333 0.834167 0.010000 0.011667
3 0.522917 0.844167 0.010833 0.025000
2 0.539167 0.774167 0.015000 0.038333
3 0.382083 0.791667 0.007500 0.013333
3 0.396667 0.704167 0.011667 0.021667
3 0.379583 0.674167 0.007500 0.018333
3 0.508333 0.676667 0.010000 0.026667
3 0.555000 0.724167 0.006667 0.011667
3 0.460833 0.796667 0.010000 0.013333
3 0.469583 0.841667 0.007500 0.023333
3 0.436667 0.804167 0.008333 0.021667
3 0.420000 0.766667 0.010000 0.020000
3 0.384167 0.756667 0.008333 0.013333
3 0.397083 0.766667 0.007500 0.013333
3 0.249167 0.741667 0.008333 0.013333
3 0.244583 0.759167 0.007500 0.011667
3 0.265000 0.729167 0.010000 0.021667
3 0.461250 0.199167 0.007500 0.011667
3 0.474167 0.291667 0.010000 0.016667
3 0.465000 0.244167 0.008333 0.015000
3 0.678750 0.254167 0.005833 0.015000
2 0.555417 0.286667 0.009167 0.043333
