2 0.189375 0.482917 0.035000 0.054167
3 0.219375 0.432917 0.007500 0.014167
3 0.315000 0.168333 0.008750 0.010000
3 0.280000 0.413750 0.008750 0.015833
3 0.146875 0.418750 0.010000 0.017500
3 0.288125 0.175417 0.005000 0.007500
3 0.124688 0.188750 0.008125 0.012500
3 0.116875 0.195417 0.008750 0.012500
3 0.160938 0.357500 0.008125 0.010000
3 0.239063 0.460000 0.010625 0.015000
3 0.244688 0.448750 0.009375 0.012500
4 0.549063 0.464583 0.021875 0.022500
2 0.313125 0.534583 0.038750 0.020833
2 0.296563 0.469583 0.031875 0.012500
3 0.270000 0.413750 0.007500 0.012500
3 0.323437 0.205000 0.006875 0.010000
3 0.311563 0.145833 0.008125 0.013333
3 0.386875 0.271250 0.006250 0.007500
3 0.242188 0.167500 0.006875 0.010000
2 0.387813 0.226250 0.008125 0.017500
3 0.291563 0.228333 0.006875 0.010000
3 0.294063 0.212917 0.005625 0.007500
3 0.306875 0.180833 0.007500 0.010000
3 0.366563 0.257500 0.006875 0.010000
3 0.385000 0.295000 0.006250 0.010000
2 0.285625 0.440000 0.026250 0.011667
3 0.242188 0.481250 0.008125 0.012500
3 0.285938 0.490417 0.008125 0.010833
3 0.290938 0.149167 0.009375 0.018333
2 0.350313 0.237917 0.020625 0.024167
3 0.244688 0.142917 0.009375 0.014167
4 0.340313 0.348333 0.011875 0.035000
4 0.301563 0.342917 0.011875 0.030833
3 0.265313 0.440833 0.006875 0.010000
3 0.260313 0.471667 0.006875 0.008333
3 0.307188 0.244583 0.006875 0.007500
3 0.272813 0.171250 0.006875 0.007500
4 0.236563 0.275000 0.018125 0.016667
3 0.267813 0.320000 0.006875 0.010000
3 0.405313 0.242500 0.008125 0.015000
3 0.164375 0.292500 0.006250 0.010000
3 0.154375 0.285417 0.005000 0.007500
3 0.159688 0.302083 0.005625 0.007500
3 0.171563 0.287917 0.005625 0.007500
3 0.190938 0.120000 0.005625 0.010000
3 0.176563 0.129167 0.005625 0.008333
3 0.235313 0.096250 0.008125 0.012500
3 0.265313 0.110417 0.004375 0.007500
3 0.270937 0.127500 0.005625 0.006667
3 0.306250 0.202917 0.003750 0.007500
3 0.296875 0.112917 0.005000 0.007500
3 0.294375 0.120833 0.005000 0.005000
3 0.194688 0.336250 0.006875 0.007500
3 0.196563 0.348750 0.006875 0.007500
3 0.174063 0.330000 0.004375 0.006667
3 0.178125 0.316667 0.005000 0.008333
3 0.187500 0.317500 0.006250 0.010000
3 0.199063 0.322083 0.006875 0.007500
3 0.281250 0.392917 0.006250 0.009167
3 0.188750 0.395417 0.007500 0.012500
3 0.428750 0.277500 0.005000 0.010000
2 0.419063 0.270833 0.011875 0.030000
4 0.381250 0.392500 0.046250 0.050000
3 0.363750 0.398333 0.003750 0.006667
3 0.406875 0.407917 0.005000 0.007500
3 0.205313 0.428750 0.008125 0.007500
3 0.213438 0.414583 0.006875 0.007500
2 0.162500 0.422500 0.020000 0.010000
3 0.188438 0.442500 0.005625 0.010000
3 0.189688 0.453750 0.005625 0.007500
3 0.188438 0.475417 0.005625 0.009167
3 0.200625 0.371667 0.010000 0.011667
3 0.200313 0.401667 0.009375 0.015000
3 0.222500 0.375000 0.008750 0.010000
3 0.226250 0.335833 0.007500 0.010000
3 0.180938 0.340833 0.006875 0.010000
3 0.297500 0.463333 0.005000 0.005000
3 0.304688 0.451250 0.005625 0.007500
3 0.289062 0.450000 0.004375 0.005000
3 0.326250 0.503333 0.006250 0.005000
4 0.331250 0.495417 0.017500 0.007500
4 0.398438 0.330000 0.010625 0.055000
0 0.493750 0.355000 0.053750 0.053333
1 0.166250 0.156667 0.013750 0.016667
1 0.153438 0.172917 0.010625 0.010833
1 0.145313 0.188333 0.009375 0.020000
1 0.140000 0.215417 0.010000 0.032500
1 0.179688 0.166250 0.011875 0.015833
0 0.457500 0.482500 0.033750 0.035000
0 0.471875 0.594583 0.017500 0.032500
