2 0.606667 0.104167 0.033333 0.055000
2 0.845833 0.321667 0.018333 0.063333
2 0.788750 0.284167 0.024167 0.021667
2 0.842083 0.851667 0.032500 0.073333
2 0.552500 0.674167 0.036667 0.038333
3 0.378333 0.926667 0.020000 0.036667
3 0.296667 0.889167 0.018333 0.038333
3 0.243750 0.916667 0.014167 0.026667
3 0.532500 0.866667 0.010000 0.023333
3 0.557500 0.791667 0.013333 0.030000
3 0.285000 0.084167 0.018333 0.031667
3 0.470000 0.079167 0.010000 0.018333
3 0.611250 0.204167 0.015833 0.028333
3 0.262917 0.174167 0.009167 0.018333
3 0.317917 0.181667 0.012500 0.026667
3 0.427500 0.341667 0.015000 0.030000
3 0.484167 0.211667 0.010000 0.020000
3 0.468333 0.854167 0.010000 0.018333
3 0.463333 0.924167 0.010000 0.018333
3 0.442917 0.924167 0.009167 0.018333
3 0.304167 0.759167 0.010000 0.018333
3 0.235417 0.871667 0.010833 0.023333
3 0.326250 0.306667 0.014167 0.033333
3 0.620000 0.660000 0.010000 0.030000
3 0.407500 0.774167 0.010000 0.021667
3 0.476250 0.274167 0.010833 0.015000
3 0.511250 0.129167 0.009167 0.015000
3 0.540417 0.336667 0.012500 0.030000
2 0.738750 0.379167 0.020833 0.025000
2 0.596250 0.226667 0.019167 0.043333
2 0.743333 0.289167 0.045000 0.015000
3 0.201250 0.287500 0.009167 0.018333
3 0.190417 0.277500 0.007500 0.018333
3 0.281250 0.316667 0.009167 0.020000
3 0.440417 0.105833 0.009167 0.015000
3 0.440833 0.141667 0.005000 0.010000
3 0.456667 0.183333 0.006667 0.013333
3 0.416667 0.191667 0.006667 0.013333
3 0.352083 0.210000 0.005833 0.013333
3 0.310417 0.113333 0.007500 0.016667
3 0.294583 0.120000 0.009167 0.016667
3 0.325000 0.693333 0.006667 0.013333
3 0.413750 0.857500 0.005833 0.015000
3 0.364167 0.859167 0.006667 0.011667
3 0.366667 0.795833 0.006667 0.015000
3 0.243750 0.744167 0.007500 0.015000
3 0.233333 0.822500 0.006667 0.015000
3 0.647500 0.759167 0.016667 0.035000
3 0.552083 0.724167 0.007500 0.015000
3 0.796250 0.369167 0.004167 0.008333
3 0.736250 0.196667 0.007500 0.013333
3 0.701667 0.232500 0.006667 0.011667
3 0.805833 0.693333 0.008333 0.013333
3 0.912917 0.771667 0.007500 0.013333
3 0.433750 0.810833 0.007500 0.015000
3 0.315000 0.830000 0.010000 0.023333
3 0.202083 0.657500 0.005833 0.011667
3 0.352917 0.669167 0.007500 0.015000
3 0.187917 0.642500 0.005833 0.015000
3 0.234167 0.214167 0.008333 0.015000
3 0.497917 0.136667 0.009167 0.016667
3 0.456667 0.068333 0.006667 0.016667
3 0.752917 0.854167 0.007500 0.015000
3 0.442917 0.830833 0.007500 0.015000
3 0.761250 0.243333 0.007500 0.016667
