2 0.380000 0.332500 0.030000 0.025000
2 0.586667 0.156667 0.025000 0.083333
3 0.290417 0.121667 0.015833 0.036667
3 0.477917 0.121667 0.010833 0.023333
3 0.465000 0.114167 0.010000 0.018333
3 0.448750 0.136667 0.007500 0.013333
3 0.427917 0.214167 0.007500 0.015000
3 0.245000 0.221667 0.010000 0.016667
3 0.270833 0.200000 0.011667 0.020000
3 0.299167 0.244167 0.015000 0.018333
3 0.248750 0.371667 0.007500 0.013333
3 0.277917 0.321667 0.012500 0.020000
3 0.411250 0.354167 0.012500 0.028333
3 0.347917 0.229167 0.005833 0.011667
3 0.205833 0.299167 0.008333 0.015000
3 0.201250 0.284167 0.007500 0.018333
3 0.255000 0.889167 0.015000 0.031667
3 0.300000 0.859167 0.020000 0.035000
3 0.246250 0.849167 0.012500 0.021667
3 0.243750 0.814167 0.007500 0.018333
3 0.352083 0.834167 0.010833 0.011667
3 0.522917 0.844167 0.010833 0.025000
2 0.539167 0.774167 0.015000 0.038333
3 0.380833 0.791667 0.006667 0.013333
3 0.396667 0.704167 0.011667 0.021667
3 0.378333 0.674167 0.006667 0.018333
3 0.507083 0.676667 0.010833 0.026667
3 0.553750 0.724167 0.007500 0.011667
3 0.460000 0.796667 0.010000 0.013333
3 0.468750 0.841667 0.007500 0.023333
3 0.436667 0.804167 0.008333 0.021667
3 0.420000 0.766667 0.010000 0.020000
3 0.384167 0.756667 0.008333 0.013333
3 0.395833 0.766667 0.006667 0.013333
3 0.249167 0.741667 0.008333 0.013333
3 0.243750 0.759167 0.007500 0.011667
3 0.265000 0.729167 0.010000 0.021667
3 0.461250 0.199167 0.007500 0.011667
3 0.474167 0.291667 0.010000 0.016667
3 0.463750 0.244167 0.007500 0.015000
3 0.677500 0.254167 0.005000 0.015000
2 0.555417 0.286667 0.009167 0.043333
3 0.372083 0.289167 0.002500 0.008333
3 0.362917 0.249167 0.004167 0.008333
3 0.447500 0.316667 0.003333 0.006667
3 0.462917 0.341667 0.004167 0.006667
3 0.489167 0.206667 0.005000 0.010000
3 0.547917 0.206667 0.004167 0.010000
3 0.442500 0.339167 0.006667 0.011667
3 0.318333 0.231667 0.006667 0.013333
3 0.345833 0.259167 0.005000 0.008333
3 0.270833 0.276667 0.005000 0.010000
3 0.352500 0.349167 0.006667 0.015000
3 0.197500 0.389167 0.006667 0.011667
3 0.228750 0.344167 0.004167 0.008333
3 0.242917 0.331667 0.004167 0.006667
3 0.228333 0.301667 0.005000 0.006667
3 0.282917 0.371667 0.005833 0.013333
3 0.206667 0.656667 0.006667 0.013333
3 0.286250 0.761667 0.005833 0.010000
3 0.447500 0.891667 0.010000 0.016667
3 0.408750 0.795000 0.004167 0.010000
3 0.519583 0.714167 0.002500 0.005000
3 0.499167 0.714167 0.003333 0.008333
3 0.576667 0.716667 0.003333 0.006667
3 0.486250 0.751667 0.005833 0.013333
3 0.710417 0.789167 0.004167 0.008333
3 0.767917 0.696667 0.004167 0.010000
3 0.786250 0.679167 0.004167 0.008333
3 0.555417 0.755000 0.004167 0.010000
3 0.350833 0.784167 0.005000 0.011667
3 0.322917 0.729167 0.007500 0.015000
3 0.266667 0.694167 0.005000 0.008333
3 0.251667 0.694167 0.005000 0.008333
3 0.235417 0.671667 0.005833 0.013333
3 0.259167 0.781667 0.005000 0.010000
3 0.310000 0.785000 0.005000 0.010000
3 0.419167 0.841667 0.006667 0.013333
3 0.410000 0.731667 0.006667 0.010000
3 0.450000 0.539167 0.005000 0.008333
3 0.556250 0.561667 0.004167 0.006667
3 0.524167 0.524167 0.008333 0.018333
3 0.595000 0.566667 0.005000 0.010000
3 0.389583 0.549167 0.007500 0.011667
3 0.387083 0.519167 0.007500 0.015000
3 0.565833 0.484167 0.005000 0.011667
3 0.774167 0.531667 0.005000 0.013333
3 0.280000 0.818333 0.003333 0.006667
3 0.291667 0.819167 0.005000 0.011667
3 0.266667 0.797500 0.003333 0.008333
3 0.292917 0.801667 0.004167 0.006667
3 0.230417 0.690833 0.005833 0.011667
3 0.222500 0.670000 0.005000 0.010000
3 0.223333 0.685000 0.005000 0.010000
3 0.222500 0.630833 0.003333 0.008333
3 0.228333 0.638333 0.003333 0.006667
3 0.358750 0.280000 0.005833 0.013333
3 0.352917 0.302500 0.005833 0.011667
3 0.340000 0.292500 0.005000 0.011667
3 0.304583 0.337500 0.004167 0.008333
3 0.302500 0.365000 0.005000 0.010000
3 0.305833 0.672500 0.006667 0.015000
3 0.529583 0.681667 0.004167 0.010000
3 0.514583 0.736667 0.004167 0.010000
3 0.454583 0.768333 0.004167 0.006667
3 0.505000 0.861667 0.011667 0.033333
3 0.520417 0.787500 0.007500 0.015000
3 0.510833 0.782500 0.003333 0.008333
3 0.488333 0.825000 0.003333 0.006667
3 0.497500 0.758333 0.005000 0.010000
3 0.427083 0.705000 0.005833 0.013333
3 0.420833 0.723333 0.006667 0.013333
3 0.337500 0.730000 0.005000 0.010000
3 0.230833 0.385000 0.005000 0.010000
3 0.237083 0.384167 0.004167 0.008333
3 0.234583 0.397500 0.005833 0.011667
3 0.259583 0.226667 0.005833 0.010000
3 0.336250 0.270833 0.005833 0.011667
3 0.368333 0.304167 0.005000 0.011667
3 0.402083 0.321667 0.005833 0.013333
3 0.400833 0.345000 0.006667 0.013333
3 0.390833 0.386667 0.006667 0.013333
3 0.307917 0.640000 0.004167 0.010000
3 0.275833 0.713333 0.006667 0.013333
3 0.237917 0.798333 0.005833 0.010000
3 0.285000 0.835000 0.003333 0.006667
3 0.513750 0.814167 0.005833 0.015000
3 0.496250 0.734167 0.004167 0.008333
3 0.535000 0.650000 0.006667 0.013333
3 0.533333 0.290000 0.005000 0.010000
3 0.562500 0.210000 0.003333 0.010000
3 0.517917 0.195833 0.005833 0.011667
3 0.448750 0.160000 0.005833 0.010000
3 0.471667 0.258333 0.003333 0.006667
3 0.491250 0.273333 0.004167 0.006667
3 0.480417 0.165000 0.002500 0.006667
3 0.425833 0.367500 0.005000 0.008333
3 0.383750 0.355000 0.004167 0.010000
3 0.416667 0.395000 0.006667 0.013333
3 0.287917 0.262500 0.004167 0.008333
