3 0.325313 0.033333 0.021875 0.025000
3 0.673750 0.364583 0.011250 0.017500
3 0.180938 0.483333 0.015625 0.020000
3 0.188438 0.575000 0.015625 0.018333
3 0.215938 0.579583 0.018125 0.017500
3 0.338750 0.571250 0.011250 0.017500
3 0.363438 0.556250 0.010625 0.014167
3 0.400938 0.542500 0.013125 0.018333
3 0.490938 0.749583 0.011875 0.017500
3 0.132500 0.258750 0.013750 0.019167
3 0.122188 0.335833 0.010625 0.015000
3 0.144375 0.385417 0.008750 0.012500
3 0.441875 0.213750 0.010000 0.012500
3 0.173437 0.100417 0.015625 0.017500
3 0.400938 0.717500 0.013125 0.015000
3 0.323437 0.594583 0.010625 0.012500
3 0.310312 0.551667 0.009375 0.011667
3 0.492188 0.517083 0.006875 0.012500
3 0.466562 0.508750 0.006875 0.009167
3 0.475938 0.520000 0.005625 0.006667
3 0.451250 0.491250 0.006250 0.007500
3 0.559063 0.562083 0.006875 0.007500
3 0.434375 0.442917 0.006250 0.007500
3 0.545937 0.545417 0.004375 0.007500
3 0.551562 0.551250 0.004375 0.007500
3 0.569688 0.568750 0.005625 0.007500
3 0.453437 0.282083 0.010625 0.017500
3 0.411562 0.185000 0.009375 0.013333
3 0.306875 0.138750 0.010000 0.012500
3 0.260625 0.103750 0.010000 0.017500
3 0.270313 0.088750 0.009375 0.014167
3 0.296250 0.189167 0.008750 0.011667
3 0.253125 0.140000 0.008750 0.010000
3 0.203437 0.138333 0.008125 0.010000
3 0.202813 0.102083 0.008125 0.012500
3 0.209063 0.131250 0.006875 0.009167
3 0.182188 0.136667 0.006875 0.010000
3 0.158438 0.322917 0.008125 0.010833
3 0.238750 0.490417 0.007500 0.010833
3 0.278438 0.556667 0.006875 0.011667
3 0.291563 0.545000 0.006875 0.010000
3 0.433750 0.657917 0.008750 0.010833
3 0.419687 0.710000 0.006875 0.010000
3 0.440312 0.712500 0.009375 0.011667
3 0.488750 0.724583 0.006250 0.007500
3 0.431250 0.297500 0.008750 0.016667
3 0.356563 0.186250 0.013125 0.014167
3 0.353438 0.200000 0.011875 0.015000
3 0.345938 0.221667 0.008125 0.011667
3 0.218750 0.066667 0.007500 0.010000
3 0.198750 0.419583 0.010000 0.017500
3 0.224688 0.460833 0.006875 0.010000
3 0.240000 0.476667 0.007500 0.008333
3 0.330313 0.479167 0.006875 0.013333
3 0.281875 0.442917 0.010000 0.012500
3 0.289062 0.412500 0.009375 0.013333
3 0.166250 0.356667 0.007500 0.010000
3 0.158438 0.462500 0.006875 0.010000
3 0.176875 0.463750 0.005000 0.007500
3 0.476250 0.748750 0.008750 0.012500
3 0.425312 0.719583 0.009375 0.012500
3 0.120313 0.433750 0.008125 0.010833
3 0.149688 0.446250 0.008125 0.009167
3 0.144375 0.283750 0.010000 0.020833
3 0.150625 0.269167 0.007500 0.010000
3 0.330000 0.073333 0.006250 0.010000
3 0.326875 0.093750 0.007500 0.010833
3 0.335938 0.162917 0.006875 0.009167
3 0.341250 0.179167 0.006250 0.010000
3 0.379688 0.245000 0.008125 0.011667
3 0.424687 0.461250 0.006875 0.007500
3 0.475313 0.477917 0.005625 0.007500
3 0.426250 0.594583 0.006250 0.007500
3 0.576562 0.387917 0.006875 0.010833
3 0.623750 0.479583 0.013750 0.012500
3 0.481563 0.324583 0.009375 0.012500
3 0.473750 0.325833 0.007500 0.010000
3 0.447188 0.322500 0.009375 0.013333
3 0.558438 0.449167 0.006875 0.010000
3 0.422187 0.418750 0.006875 0.010833
3 0.296563 0.563333 0.006875 0.010000
3 0.264375 0.513750 0.006250 0.009167
3 0.182188 0.537917 0.005625 0.007500
3 0.187188 0.419167 0.006875 0.008333
3 0.269688 0.400417 0.006875 0.009167
3 0.336250 0.354583 0.006250 0.007500
3 0.390000 0.390833 0.012500 0.015000
3 0.407813 0.363750 0.005625 0.009167
3 0.397188 0.355000 0.006875 0.010000
3 0.377188 0.360417 0.006875 0.009167
3 0.424063 0.441250 0.006875 0.009167
3 0.461562 0.718750 0.006875 0.005833
3 0.405313 0.667500 0.005625 0.006667
3 0.404375 0.650833 0.005000 0.005000
3 0.352500 0.584583 0.006250 0.007500
3 0.323750 0.573333 0.006250 0.008333
3 0.334688 0.530000 0.005625 0.008333
3 0.299687 0.493750 0.004375 0.007500
3 0.347500 0.515833 0.005000 0.008333
3 0.420312 0.205000 0.005625 0.008333
3 0.423750 0.276250 0.007500 0.009167
3 0.344687 0.238333 0.006875 0.010000
3 0.353438 0.238333 0.006875 0.008333
3 0.231250 0.077500 0.005000 0.006667
3 0.244688 0.117083 0.005625 0.005833
3 0.279687 0.169167 0.004375 0.006667
3 0.254688 0.182917 0.005625 0.007500
3 0.422812 0.244583 0.005625 0.007500
3 0.412813 0.288333 0.005625 0.006667
3 0.630625 0.315000 0.007500 0.010000
3 0.607812 0.362500 0.006875 0.010000
3 0.600625 0.330000 0.005000 0.008333
3 0.583750 0.328333 0.006250 0.008333
3 0.624375 0.375417 0.006250 0.009167
3 0.593437 0.395833 0.005625 0.008333
3 0.458125 0.323750 0.007500 0.009167
3 0.541875 0.416250 0.006250 0.009167
3 0.470625 0.680000 0.008750 0.011667
3 0.474687 0.608333 0.005625 0.006667
3 0.529687 0.641667 0.004375 0.006667
3 0.514375 0.706250 0.005000 0.005833
3 0.491875 0.676667 0.005000 0.008333
3 0.431250 0.686250 0.005000 0.005833
3 0.420312 0.666250 0.004375 0.005833
3 0.386875 0.562917 0.006250 0.007500
3 0.321562 0.481250 0.006875 0.009167
3 0.234687 0.522917 0.005625 0.007500
3 0.294375 0.482917 0.003750 0.005833
3 0.210625 0.427500 0.006250 0.006667
3 0.159688 0.439167 0.005625 0.006667
3 0.143125 0.340417 0.006250 0.009167
3 0.160938 0.292500 0.005625 0.006667
3 0.158750 0.306667 0.005000 0.005000
3 0.237813 0.108333 0.004375 0.006667
3 0.216875 0.152500 0.005000 0.006667
3 0.290312 0.105417 0.004375 0.007500
3 0.280000 0.126667 0.003750 0.005000
3 0.323750 0.144167 0.007500 0.008333
3 0.310625 0.126667 0.005000 0.006667
3 0.404375 0.237917 0.006250 0.007500
3 0.590938 0.341667 0.004375 0.006667
3 0.608750 0.348750 0.005000 0.007500
3 0.665000 0.440417 0.005000 0.005833
3 0.607500 0.424583 0.005000 0.007500
3 0.350938 0.546250 0.005625 0.007500
3 0.252500 0.480000 0.005000 0.006667
3 0.239063 0.400833 0.005625 0.006667
3 0.148125 0.371250 0.007500 0.009167
3 0.209063 0.329167 0.005625 0.006667
3 0.285000 0.197083 0.006250 0.007500
3 0.182188 0.302500 0.005625 0.006667
3 0.170625 0.522500 0.006250 0.006667
3 0.168125 0.498750 0.006250 0.007500
3 0.458125 0.592083 0.006250 0.007500
