2 0.51625 0.46625 0.05 0.0625
2 0.3284375 0.7270833333333333 0.053125 0.06916666666666667
2 0.9078125 0.32625 0.051875 0.06583333333333333
2 0.755 0.3045833333333333 0.04125 0.0475
2 0.4825 0.815 0.045 0.065
3 0.6390625 0.7595833333333334 0.010625 0.010833333333333334
3 0.00875 0.9720833333333333 0.01125 0.0175
3 0.73125 0.8404166666666667 0.0125 0.0175
3 0.184375 0.2425 0.01125 0.015
3 0.4934375 0.5466666666666666 0.009375 0.013333333333333334
3 0.079375 0.5241666666666667 0.01125 0.015
3 0.6190625 0.4658333333333333 0.010625 0.015
3 0.7753125 0.8204166666666667 0.014375 0.0175
3 0.21125 0.26625 0.01375 0.0175
3 0.339375 0.9633333333333334 0.01375 0.016666666666666666
3 0.2690625 0.46166666666666667 0.011875 0.018333333333333333
3 0.75375 0.2075 0.015 0.021666666666666667
3 0.95375 0.6141666666666666 0.01625 0.02
3 0.8528125 0.185 0.015625 0.018333333333333333
3 0.78 0.17458333333333334 0.01625 0.019166666666666665
3 0.7159375 0.3075 0.014375 0.021666666666666667
3 0.5146875 0.22416666666666665 0.006875 0.008333333333333333
3 0.4328125 0.8766666666666667 0.006875 0.008333333333333333
3 0.0675 0.06375 0.0075 0.009166666666666667
3 0.1625 0.5129166666666667 0.00625 0.009166666666666667
3 0.883125 0.9420833333333334 0.01125 0.014166666666666666
3 0.69625 0.4116666666666667 0.0125 0.016666666666666666
3 0.4125 0.7895833333333333 0.0125 0.015833333333333335
3 0.8859375 0.6645833333333333 0.009375 0.014166666666666666
3 0.52125 0.23208333333333334 0.01125 0.014166666666666666
3 0.5246875 0.4483333333333333 0.011875 0.016666666666666666
3 0.43875 0.82875 0.01 0.0125
3 0.725 0.42041666666666666 0.00875 0.010833333333333334
3 0.73625 0.38708333333333333 0.01125 0.014166666666666666
3 0.7446875 0.9125 0.008125 0.011666666666666667
3 0.8521875 0.31333333333333335 0.010625 0.013333333333333334
3 0.4390625 0.27166666666666667 0.009375 0.013333333333333334
3 0.204375 0.7945833333333333 0.0075 0.010833333333333334
3 0.38375 0.9666666666666667 0.015 0.02
3 0.8096875 0.8395833333333333 0.015625 0.020833333333333332
3 0.5121875 0.7933333333333333 0.010625 0.015
3 0.5521875 0.5570833333333334 0.011875 0.015833333333333335
3 0.5615625 0.7295833333333334 0.013125 0.0175
3 0.15125 0.7533333333333333 0.0125 0.016666666666666666
3 0.9603125 0.10125 0.011875 0.015833333333333335
4 0.6190625 0.41333333333333333 0.020625 0.03333333333333333
4 0.751875 0.9275 0.025 0.03666666666666667
4 0.315625 0.20791666666666667 0.0225 0.024166666666666666
2 0.8296875 0.5841666666666666 0.039375 0.04833333333333333
2 0.765 0.5945833333333334 0.04125 0.0375
2 0.1253125 0.3408333333333333 0.033125 0.023333333333333334
2 0.6109375 0.20125 0.033125 0.019166666666666665
2 0.8846875 0.50125 0.015625 0.04416666666666667
2 0.05 0.25666666666666665 0.02375 0.043333333333333335
2 0.28375 0.7608333333333334 0.0325 0.03
3 0.5246875 0.48625 0.011875 0.015833333333333335
3 0.464375 0.023333333333333334 0.01 0.015
3 0.4209375 0.052083333333333336 0.011875 0.015833333333333335
3 0.980625 0.955 0.01 0.013333333333333334
3 0.18625 0.5091666666666667 0.01 0.013333333333333334
3 0.75 0.5479166666666667 0.0075 0.010833333333333334
3 0.155 0.7566666666666667 0.01 0.013333333333333334
3 0.0278125 0.7841666666666667 0.008125 0.01
3 0.3525 0.43166666666666664 0.0125 0.016666666666666666
3 0.264375 0.7404166666666666 0.01 0.0125
3 0.8978125 0.08458333333333333 0.010625 0.0125
3 0.8990625 0.71625 0.008125 0.010833333333333334
3 0.56875 0.28291666666666665 0.00625 0.0075
3 0.1559375 0.30625 0.008125 0.010833333333333334
3 0.840625 0.3670833333333333 0.0075 0.009166666666666667
3 0.4203125 0.4220833333333333 0.008125 0.010833333333333334
3 0.3075 0.34833333333333333 0.0075 0.01
3 0.458125 0.63375 0.0075 0.010833333333333334
3 0.44125 0.85 0.01 0.013333333333333334
2 0.3559375 0.3804166666666667 0.010625 0.019166666666666665
2 0.446875 0.5170833333333333 0.015 0.015833333333333335
2 0.565625 0.7495833333333334 0.015 0.015833333333333335
2 0.884375 0.5720833333333334 0.01375 0.020833333333333332
2 0.553125 0.48 0.0125 0.02
2 0.3184375 0.9745833333333334 0.015625 0.019166666666666665
3 0.1825 0.08625 0.00875 0.010833333333333334
3 0.3271875 0.7675 0.009375 0.013333333333333334
3 0.358125 0.8166666666666667 0.01 0.013333333333333334
3 0.44625 0.22583333333333333 0.01 0.013333333333333334
3 0.74875 0.9833333333333333 0.01 0.013333333333333334
3 0.5121875 0.33625 0.008125 0.010833333333333334
3 0.2446875 0.33625 0.006875 0.009166666666666667
3 0.839375 0.9525 0.00625 0.008333333333333333
3 0.883125 0.5208333333333334 0.0075 0.01
3 0.976875 0.3625 0.0075 0.01
3 0.4659375 0.5179166666666667 0.008125 0.010833333333333334
3 0.68625 0.6416666666666667 0.01 0.013333333333333334
3 0.9553125 0.93875 0.010625 0.014166666666666666
3 0.713125 0.9125 0.0075 0.01
3 0.846875 0.11083333333333334 0.01 0.013333333333333334
3 0.0259375 0.08125 0.009375 0.0125
3 0.8928125 0.115 0.008125 0.011666666666666667
3 0.145625 0.8125 0.01 0.013333333333333334
3 0.0809375 0.37833333333333335 0.008125 0.011666666666666667
3 0.2309375 0.17875 0.006875 0.010833333333333334
3 0.636875 0.5933333333333334 0.00875 0.01
3 0.8784375 0.12166666666666667 0.009375 0.011666666666666667
3 0.7640625 0.865 0.008125 0.01
3 0.5621875 0.7325 0.009375 0.011666666666666667
2 0.6853125 0.3016666666666667 0.026875 0.028333333333333332
2 0.020625 0.10083333333333333 0.0275 0.016666666666666666
2 0.633125 0.4845833333333333 0.01125 0.035833333333333335
2 0.88375 0.40458333333333335 0.01 0.035833333333333335
3 0.955 0.1 0.00875 0.013333333333333334
3 0.786875 0.6133333333333333 0.0125 0.016666666666666666
3 0.7734375 0.4825 0.010625 0.013333333333333334
3 0.1059375 0.4666666666666667 0.010625 0.015
3 0.3809375 0.3933333333333333 0.009375 0.013333333333333334
3 0.494375 0.19 0.01 0.018333333333333333
3 0.9478125 0.37083333333333335 0.014375 0.015
3 0.9165625 0.63625 0.015625 0.0175
3 0.29375 0.9554166666666667 0.01125 0.019166666666666665
2 0.4059375 0.15875 0.025625 0.035833333333333335
2 0.249375 0.9325 0.025 0.03166666666666667
2 0.6421875 0.4625 0.023125 0.03333333333333333
2 0.41125 0.70625 0.025 0.030833333333333334
2 0.905625 0.7808333333333334 0.01875 0.028333333333333332
3 0.17625 0.8179166666666666 0.01375 0.019166666666666665
3 0.924375 0.23083333333333333 0.01 0.015
3 0.5990625 0.54625 0.010625 0.0125
3 0.18 0.8216666666666667 0.01125 0.013333333333333334
3 0.3196875 0.6129166666666667 0.010625 0.015833333333333335
4 0.51375 0.8341666666666666 0.02875 0.03166666666666667
4 0.2328125 0.02666666666666667 0.028125 0.023333333333333334
4 0.7709375 0.3570833333333333 0.024375 0.0325
4 0.686875 0.6825 0.025 0.03166666666666667
4 0.7878125 0.225 0.018125 0.03333333333333333
4 0.700625 0.8791666666666667 0.0175 0.03333333333333333
4 0.809375 0.23 0.015 0.03166666666666667
4 0.928125 0.6825 0.02375 0.03333333333333333
3 0.5775 0.4225 0.01 0.013333333333333334
3 0.55625 0.9520833333333333 0.0075 0.009166666666666667
3 0.33875 0.41333333333333333 0.00875 0.011666666666666667
3 0.0884375 0.6416666666666667 0.008125 0.01
3 0.176875 0.12375 0.00875 0.010833333333333334
3 0.175 0.4325 0.00875 0.011666666666666667
3 0.1315625 0.15 0.006875 0.01
3 0.019375 0.205 0.00625 0.01
3 0.89875 0.4841666666666667 0.00875 0.011666666666666667
3 0.4553125 0.8825 0.008125 0.01
3 0.9421875 0.465 0.008125 0.011666666666666667
4 0.77 0.3304166666666667 0.02125 0.025833333333333333
4 0.41 0.5925 0.02125 0.028333333333333332
4 0.6425 0.25958333333333333 0.02125 0.0275
4 0.43 0.034166666666666665 0.02 0.028333333333333332
3 0.601875 0.33416666666666667 0.01 0.013333333333333334
3 0.224375 0.07875 0.0075 0.010833333333333334
3 0.4671875 0.10166666666666667 0.008125 0.011666666666666667
3 0.3003125 0.34833333333333333 0.013125 0.015
3 0.89 0.9695833333333334 0.00875 0.015833333333333335
3 0.964375 0.4683333333333333 0.01375 0.016666666666666666
3 0.6471875 0.7775 0.013125 0.018333333333333333
3 0.9325 0.11 0.01 0.016666666666666666
3 0.64375 0.4533333333333333 0.01375 0.018333333333333333
3 0.0165625 0.7704166666666666 0.008125 0.009166666666666667
3 0.02625 0.020416666666666666 0.00875 0.0125
3 0.2290625 0.6858333333333333 0.009375 0.013333333333333334
3 0.0740625 0.8741666666666666 0.005625 0.008333333333333333
3 0.4521875 0.8908333333333334 0.005625 0.008333333333333333
3 0.2128125 0.24166666666666667 0.006875 0.008333333333333333
3 0.0153125 0.24 0.006875 0.008333333333333333
3 0.0171875 0.6670833333333334 0.008125 0.010833333333333334
3 0.04125 0.3616666666666667 0.0075 0.01
3 0.473125 0.3641666666666667 0.0075 0.01
3 0.294375 0.6916666666666667 0.0075 0.01
3 0.8478125 0.5829166666666666 0.006875 0.009166666666666667
3 0.1575 0.9541666666666667 0.00625 0.008333333333333333
3 0.529375 0.23333333333333334 0.0075 0.01
3 0.82625 0.81875 0.00625 0.010833333333333334
3 0.2215625 0.8125 0.008125 0.011666666666666667
3 0.3965625 0.6620833333333334 0.008125 0.0125
3 0.2140625 0.8979166666666667 0.009375 0.0125
3 0.2084375 0.4820833333333333 0.009375 0.0125
3 0.893125 0.78125 0.00625 0.010833333333333334
3 0.8603125 0.86375 0.006875 0.009166666666666667
3 0.1028125 0.3770833333333333 0.006875 0.009166666666666667
3 0.8840625 0.28458333333333335 0.006875 0.009166666666666667
3 0.705625 0.08416666666666667 0.0075 0.01
3 0.1665625 0.05416666666666667 0.011875 0.015
3 0.899375 0.7254166666666667 0.01125 0.015833333333333335
3 0.4859375 0.19416666666666665 0.006875 0.008333333333333333
3 0.2265625 0.8095833333333333 0.006875 0.009166666666666667
3 0.3934375 0.45708333333333334 0.005625 0.005833333333333334
3 0.3315625 0.13208333333333333 0.006875 0.009166666666666667
3 0.23875 0.017916666666666668 0.0075 0.009166666666666667
3 0.338125 0.5870833333333333 0.0075 0.009166666666666667
3 0.1584375 0.4141666666666667 0.006875 0.01
3 0.454375 0.3275 0.0075 0.01
3 0.616875 0.42125 0.0075 0.009166666666666667
3 0.6946875 0.7575 0.005625 0.008333333333333333
3 0.4546875 0.45208333333333334 0.005625 0.005833333333333334
3 0.309375 0.56125 0.00625 0.005833333333333334
3 0.4025 0.47833333333333333 0.00625 0.006666666666666667
3 0.635625 0.6325 0.00625 0.006666666666666667
3 0.8259375 0.9045833333333333 0.005625 0.009166666666666667
3 0.498125 0.6841666666666667 0.00625 0.008333333333333333
3 0.1959375 0.9645833333333333 0.006875 0.009166666666666667
3 0.943125 0.21875 0.0075 0.009166666666666667
3 0.5325 0.5641666666666667 0.0075 0.01
3 0.925 0.7920833333333334 0.00625 0.009166666666666667
3 0.794375 0.57625 0.0075 0.009166666666666667
3 0.115 0.27125 0.005 0.005833333333333334
3 0.6971875 0.6991666666666667 0.005625 0.008333333333333333
3 0.9765625 0.7683333333333333 0.005625 0.008333333333333333
3 0.02375 0.12833333333333333 0.005 0.005
3 0.335 0.2825 0.00625 0.006666666666666667
3 0.68375 0.050833333333333335 0.00625 0.008333333333333333
3 0.9940625 0.5058333333333334 0.008125 0.01
3 0.543125 0.17583333333333334 0.00625 0.01
3 0.9334375 0.8829166666666667 0.006875 0.0075
3 0.7359375 0.365 0.008125 0.01
3 0.09875 0.6729166666666667 0.005 0.0075
3 0.76875 0.5008333333333334 0.00625 0.008333333333333333
3 0.7575 0.30375 0.00625 0.009166666666666667
3 0.7628125 0.37041666666666667 0.006875 0.009166666666666667
3 0.4225 0.9516666666666667 0.0075 0.01
3 0.525625 0.5375 0.0075 0.01
3 0.1390625 0.86 0.006875 0.01
3 0.5496875 0.3433333333333333 0.006875 0.008333333333333333
3 0.1740625 0.22125 0.006875 0.009166666666666667
3 0.9609375 0.41833333333333333 0.009375 0.013333333333333334
3 0.8225 0.22916666666666666 0.00625 0.01
3 0.9684375 0.16208333333333333 0.008125 0.009166666666666667
3 0.1390625 0.9395833333333333 0.006875 0.010833333333333334
3 0.171875 0.8929166666666667 0.00875 0.010833333333333334
3 0.4121875 0.81375 0.006875 0.010833333333333334
3 0.84 0.38458333333333333 0.00875 0.010833333333333334
3 0.79875 0.15458333333333332 0.0075 0.010833333333333334
3 0.7996875 0.057916666666666665 0.009375 0.0125
3 0.41625 0.06666666666666667 0.00875 0.011666666666666667
3 0.01 0.8408333333333333 0.00875 0.011666666666666667
3 0.6915625 0.7820833333333334 0.009375 0.014166666666666666
3 0.5671875 0.5266666666666666 0.010625 0.011666666666666667
3 0.466875 0.25458333333333333 0.01 0.010833333333333334
3 0.4653125 0.7558333333333334 0.011875 0.015
3 0.43625 0.9270833333333334 0.01125 0.015833333333333335
3 0.8646875 0.10541666666666667 0.011875 0.015833333333333335
3 0.253125 0.11833333333333333 0.00875 0.011666666666666667
3 0.279375 0.9116666666666666 0.00875 0.011666666666666667
3 0.81 0.09666666666666666 0.0075 0.011666666666666667
3 0.973125 0.32375 0.0075 0.0075
3 0.7578125 0.26625 0.008125 0.0075
3 0.3303125 0.11541666666666667 0.005625 0.010833333333333334
2 0.108125 0.5954166666666667 0.0225 0.034166666666666665
2 0.600625 0.5166666666666667 0.025 0.025
2 0.3525 0.7716666666666666 0.025 0.03
2 0.125625 0.9208333333333333 0.025 0.03166666666666667
2 0.04625 0.7208333333333333 0.01875 0.03333333333333333
4 0.791875 0.54625 0.0575 0.07916666666666666
4 0.26125 0.92875 0.05875 0.07916666666666666
3 0.5190625 0.59875 0.005625 0.005833333333333334
3 0.98875 0.3258333333333333 0.00375 0.006666666666666667
3 0.3915625 0.12375 0.004375 0.0075
3 0.210625 0.16666666666666666 0.0075 0.01
3 0.828125 0.50875 0.005 0.0075
3 0.734375 0.7470833333333333 0.00625 0.0075
3 0.26 0.8941666666666667 0.00625 0.008333333333333333
3 0.2275 0.6666666666666666 0.0075 0.01
3 0.6396875 0.7679166666666667 0.009375 0.010833333333333334
3 0.5615625 0.3729166666666667 0.008125 0.0125
3 0.42125 0.21541666666666667 0.0075 0.010833333333333334
3 0.09375 0.67 0.00875 0.011666666666666667
2 0.339375 0.30916666666666665 0.01875 0.02666666666666667
2 0.8821875 0.9825 0.015625 0.028333333333333332
3 0.4975 0.50625 0.0075 0.0075
3 0.28375 0.3779166666666667 0.00875 0.0125
3 0.5434375 0.40041666666666664 0.008125 0.010833333333333334
3 0.8596875 0.9645833333333333 0.006875 0.009166666666666667
3 0.1659375 0.17 0.008125 0.011666666666666667
3 0.8765625 0.5416666666666666 0.008125 0.011666666666666667
3 0.8159375 0.7783333333333333 0.008125 0.011666666666666667
3 0.810625 0.8483333333333334 0.0075 0.008333333333333333
3 0.5246875 0.11458333333333333 0.013125 0.0175
3 0.555625 0.25875 0.0125 0.015833333333333335
3 0.28875 0.9366666666666666 0.0125 0.018333333333333333
3 0.8815625 0.28541666666666665 0.014375 0.019166666666666665
3 0.2903125 0.40875 0.014375 0.019166666666666665
3 0.318125 0.6225 0.01125 0.015
3 0.1528125 0.62 0.010625 0.013333333333333334
3 0.610625 0.04541666666666667 0.01 0.014166666666666666
3 0.8575 0.12375 0.01 0.0125
3 0.41625 0.07583333333333334 0.01125 0.015
3 0.661875 0.70125 0.01125 0.014166666666666666
3 0.6371875 0.6129166666666667 0.008125 0.010833333333333334
3 0.9003125 0.45208333333333334 0.010625 0.014166666666666666
3 0.554375 0.8775 0.01 0.013333333333333334
3 0.02875 0.8683333333333333 0.01 0.013333333333333334
3 0.9390625 0.5304166666666666 0.009375 0.0125
3 0.175625 0.34708333333333335 0.00625 0.0075
3 0.220625 0.5608333333333333 0.005 0.008333333333333333
3 0.174375 0.2825 0.00625 0.008333333333333333
3 0.566875 0.7416666666666667 0.00625 0.008333333333333333
3 0.813125 0.2504166666666667 0.00625 0.0075
3 0.8078125 0.14875 0.006875 0.009166666666666667
3 0.4890625 0.75375 0.008125 0.010833333333333334
3 0.7365625 0.7920833333333334 0.008125 0.010833333333333334
3 0.623125 0.49333333333333335 0.0075 0.01
3 0.88 0.41 0.00625 0.008333333333333333
3 0.0809375 0.6004166666666667 0.005625 0.0075
3 0.8290625 0.32208333333333333 0.005625 0.0075
3 0.9415625 0.3233333333333333 0.004375 0.006666666666666667
3 0.1246875 0.65875 0.005625 0.0075
3 0.9265625 0.08541666666666667 0.006875 0.009166666666666667
3 0.7940625 0.9683333333333334 0.006875 0.006666666666666667
3 0.7325 0.23375 0.005 0.009166666666666667
3 0.069375 0.5925 0.0075 0.008333333333333333
3 0.039375 0.8133333333333334 0.00625 0.01
3 0.7146875 0.46625 0.005625 0.009166666666666667
4 0.6996875 0.36916666666666664 0.018125 0.018333333333333333
4 0.9840625 0.3070833333333333 0.015625 0.0225
4 0.9184375 0.5833333333333334 0.018125 0.015
4 0.4125 0.5429166666666667 0.0425 0.025833333333333333
4 0.3628125 0.47541666666666665 0.026875 0.05583333333333333
4 0.733125 0.04083333333333333 0.01875 0.056666666666666664
4 0.033125 0.0375 0.0425 0.03333333333333333
4 0.57125 0.24291666666666667 0.035 0.050833333333333335
4 0.5625 0.5225 0.02125 0.056666666666666664
0 0.6528125 0.10166666666666667 0.066875 0.085
0 0.615625 0.29 0.06 0.065
1 0.455625 0.7266666666666667 0.01875 0.025
1 0.2525 0.9083333333333333 0.01875 0.025
1 0.9328125 0.9575 0.013125 0.016666666666666666
1 0.270625 0.9854166666666667 0.0125 0.0175
1 0.9128125 0.3541666666666667 0.011875 0.021666666666666667
1 0.76625 0.9166666666666666 0.01375 0.023333333333333334
1 0.591875 0.44583333333333336 0.0175 0.035
1 0.9109375 0.09 0.016875 0.035
1 0.4878125 0.49083333333333334 0.025625 0.018333333333333333
1 0.7625 0.07291666666666667 0.025 0.030833333333333334
1 0.868125 0.3279166666666667 0.0225 0.034166666666666665
1 0.8834375 0.74625 0.025625 0.019166666666666665
1 0.5065625 0.6504166666666666 0.015625 0.020833333333333332
1 0.7390625 0.20833333333333334 0.015625 0.021666666666666667
1 0.7015625 0.9520833333333333 0.015625 0.020833333333333332
0 0.946875 0.6091666666666666 0.03125 0.05
0 0.88875 0.15 0.04 0.04666666666666667
0 0.4615625 0.15041666666666667 0.018125 0.0325
0 0.688125 0.8641666666666666 0.02875 0.04
0 0.514375 0.10458333333333333 0.02625 0.03916666666666667
0 0.2734375 0.83375 0.025625 0.025833333333333333
