2 0.3240625 0.72125 0.044375 0.06416666666666666
2 0.5575 0.62875 0.05375 0.07083333333333333
2 0.7340625 0.9141666666666667 0.046875 0.06666666666666667
2 0.776875 0.86 0.05 0.07
2 0.61125 0.3375 0.05125 0.065
2 0.4884375 0.585 0.053125 0.07166666666666667
3 0.203125 0.52125 0.0125 0.014166666666666666
3 0.9596875 0.3383333333333333 0.013125 0.015
3 0.195625 0.30833333333333335 0.01125 0.011666666666666667
3 0.840625 0.675 0.01 0.016666666666666666
3 0.0909375 0.14708333333333334 0.009375 0.010833333333333334
3 0.046875 0.4320833333333333 0.01125 0.014166666666666666
3 0.980625 0.53875 0.01 0.014166666666666666
3 0.7621875 0.0975 0.010625 0.013333333333333334
3 0.6728125 0.8366666666666667 0.013125 0.018333333333333333
3 0.3759375 0.40458333333333335 0.011875 0.0125
3 0.2828125 0.9854166666666667 0.014375 0.019166666666666665
3 0.6240625 0.86375 0.014375 0.019166666666666665
3 0.2978125 0.3725 0.009375 0.015
3 0.64 0.0325 0.01625 0.02
3 0.3375 0.5275 0.01625 0.021666666666666667
3 0.53125 0.22041666666666668 0.01 0.0175
3 0.724375 0.3441666666666667 0.0075 0.01
3 0.278125 0.6908333333333333 0.0075 0.01
3 0.2634375 0.6316666666666667 0.005625 0.008333333333333333
3 0.7984375 0.8966666666666666 0.005625 0.006666666666666667
3 0.695 0.905 0.00625 0.008333333333333333
3 0.269375 0.5875 0.0075 0.01
3 0.543125 0.29791666666666666 0.0125 0.015833333333333335
3 0.5234375 0.27791666666666665 0.011875 0.015833333333333335
3 0.231875 0.5795833333333333 0.01125 0.014166666666666666
3 0.24875 0.20416666666666666 0.0125 0.016666666666666666
3 0.54 0.6475 0.0125 0.016666666666666666
3 0.540625 0.7383333333333333 0.0125 0.016666666666666666
3 0.498125 0.38166666666666665 0.0125 0.016666666666666666
3 0.425625 0.8195833333333333 0.01125 0.015833333333333335
3 0.796875 0.10833333333333334 0.0125 0.016666666666666666
3 0.7125 0.06875 0.00875 0.0125
3 0.92375 0.6 0.01125 0.015
3 0.8215625 0.8975 0.010625 0.015
3 0.68875 0.24583333333333332 0.01125 0.015
3 0.614375 0.08291666666666667 0.01 0.0125
3 0.2596875 0.9283333333333333 0.009375 0.011666666666666667
3 0.38 0.99 0.01 0.013333333333333334
3 0.955 0.09625 0.0125 0.015833333333333335
3 0.0346875 0.35291666666666666 0.015625 0.020833333333333332
3 0.1403125 0.95375 0.010625 0.014166666666666666
3 0.743125 0.5866666666666667 0.0125 0.016666666666666666
4 0.735 0.88375 0.02375 0.035833333333333335
4 0.621875 0.027083333333333334 0.0275 0.034166666666666665
4 0.41625 0.3854166666666667 0.02375 0.025833333333333333
4 0.215 0.7991666666666667 0.02625 0.03666666666666667
4 0.35875 0.06916666666666667 0.02625 0.03666666666666667
2 0.8896875 0.16416666666666666 0.039375 0.021666666666666667
2 0.5278125 0.3275 0.015625 0.051666666666666666
2 0.419375 0.050416666666666665 0.04125 0.04416666666666667
2 0.77 0.3358333333333333 0.04125 0.03333333333333333
2 0.275625 0.925 0.0125 0.043333333333333335
2 0.53125 0.15458333333333332 0.02125 0.04416666666666667
3 0.5596875 0.3283333333333333 0.009375 0.015
3 0.9925 0.4791666666666667 0.00875 0.013333333333333334
3 0.9809375 0.7508333333333334 0.010625 0.015
3 0.096875 0.745 0.01 0.011666666666666667
3 0.230625 0.7745833333333333 0.00875 0.014166666666666666
3 0.8459375 0.18791666666666668 0.011875 0.015833333333333335
3 0.2640625 0.3958333333333333 0.008125 0.011666666666666667
3 0.6475 0.38666666666666666 0.01 0.013333333333333334
3 0.728125 0.6358333333333334 0.01 0.013333333333333334
3 0.314375 0.04708333333333333 0.0075 0.010833333333333334
3 0.8490625 0.71 0.008125 0.011666666666666667
3 0.036875 0.10125 0.00875 0.010833333333333334
3 0.889375 0.5320833333333334 0.0125 0.015833333333333335
3 0.825 0.8470833333333333 0.01125 0.015833333333333335
3 0.7490625 0.9858333333333333 0.011875 0.016666666666666666
3 0.7165625 0.41208333333333336 0.008125 0.010833333333333334
3 0.6696875 0.275 0.006875 0.008333333333333333
3 0.2015625 0.17625 0.008125 0.010833333333333334
3 0.8190625 0.17208333333333334 0.008125 0.010833333333333334
3 0.4953125 0.8720833333333333 0.008125 0.010833333333333334
3 0.016875 0.9125 0.01 0.013333333333333334
3 0.0171875 0.7633333333333333 0.006875 0.01
3 0.77 0.19208333333333333 0.01 0.0125
2 0.8396875 0.28458333333333335 0.015625 0.019166666666666665
2 0.9184375 0.17208333333333334 0.015625 0.019166666666666665
2 0.1671875 0.6008333333333333 0.015625 0.018333333333333333
2 0.1103125 0.5608333333333333 0.009375 0.018333333333333333
3 0.35875 0.06208333333333333 0.01 0.0125
3 0.779375 0.2125 0.00875 0.011666666666666667
3 0.675 0.39375 0.01 0.0125
3 0.8275 0.6108333333333333 0.01 0.013333333333333334
3 0.150625 0.405 0.01 0.013333333333333334
3 0.14375 0.9804166666666667 0.00875 0.010833333333333334
3 0.4421875 0.00625 0.006875 0.009166666666666667
3 0.858125 0.11916666666666667 0.0075 0.01
3 0.631875 0.17666666666666667 0.0075 0.01
3 0.1765625 0.32625 0.010625 0.014166666666666666
3 0.14375 0.08916666666666667 0.00875 0.011666666666666667
3 0.1909375 0.9416666666666667 0.008125 0.011666666666666667
3 0.2853125 0.2758333333333333 0.006875 0.01
3 0.585 0.5858333333333333 0.01 0.013333333333333334
3 0.9578125 0.7591666666666667 0.009375 0.011666666666666667
3 0.7990625 0.18 0.009375 0.011666666666666667
3 0.2384375 0.36583333333333334 0.009375 0.013333333333333334
3 0.0934375 0.6466666666666666 0.009375 0.013333333333333334
3 0.3978125 0.6633333333333333 0.009375 0.011666666666666667
3 0.733125 0.9625 0.00875 0.01
3 0.1984375 0.09125 0.006875 0.010833333333333334
2 0.33875 0.2841666666666667 0.0175 0.03666666666666667
2 0.435625 0.51 0.0275 0.021666666666666667
2 0.306875 0.7383333333333333 0.0275 0.025
2 0.3290625 0.5608333333333333 0.026875 0.013333333333333334
2 0.405625 0.23625 0.0275 0.024166666666666666
2 0.3646875 0.8754166666666666 0.025625 0.030833333333333334
3 0.2965625 0.1925 0.011875 0.015
3 0.0440625 0.3754166666666667 0.011875 0.015833333333333335
3 0.705625 0.38083333333333336 0.0125 0.016666666666666666
3 0.910625 0.225 0.01 0.015
3 0.5840625 0.44333333333333336 0.011875 0.016666666666666666
3 0.720625 0.9729166666666667 0.01125 0.015833333333333335
3 0.626875 0.06583333333333333 0.01125 0.015
3 0.2440625 0.7408333333333333 0.008125 0.011666666666666667
3 0.159375 0.7841666666666667 0.01125 0.015
3 0.0634375 0.38083333333333336 0.008125 0.011666666666666667
3 0.8890625 0.3770833333333333 0.010625 0.014166666666666666
3 0.65375 0.055 0.01 0.018333333333333333
3 0.3240625 0.535 0.015625 0.021666666666666667
2 0.106875 0.44 0.02125 0.03166666666666667
2 0.1184375 0.6079166666666667 0.025625 0.035833333333333335
2 0.649375 0.6691666666666667 0.0275 0.03666666666666667
2 0.501875 0.11916666666666667 0.02375 0.028333333333333332
2 0.163125 0.24958333333333332 0.0275 0.035833333333333335
3 0.7915625 0.8991666666666667 0.014375 0.018333333333333333
3 0.3234375 0.7104166666666667 0.011875 0.014166666666666666
3 0.98 0.16208333333333333 0.01375 0.019166666666666665
3 0.8546875 0.6166666666666667 0.013125 0.016666666666666666
3 0.5515625 0.9179166666666667 0.014375 0.019166666666666665
4 0.4865625 0.3858333333333333 0.023125 0.03833333333333333
4 0.2659375 0.9845833333333334 0.028125 0.0225
4 0.3821875 0.11666666666666667 0.024375 0.021666666666666667
4 0.821875 0.10583333333333333 0.02375 0.02
4 0.9253125 0.10375 0.023125 0.0175
4 0.3775 0.8683333333333333 0.01875 0.03333333333333333
4 0.305 0.6520833333333333 0.01625 0.0325
4 0.7271875 0.6175 0.023125 0.016666666666666666
3 0.5153125 0.095 0.009375 0.013333333333333334
3 0.7659375 0.8283333333333334 0.008125 0.011666666666666667
3 0.7615625 0.07583333333333334 0.006875 0.01
3 0.8225 0.8883333333333333 0.0075 0.008333333333333333
3 0.3303125 0.08625 0.006875 0.010833333333333334
3 0.42375 0.105 0.0075 0.008333333333333333
3 0.889375 0.9329166666666666 0.0075 0.010833333333333334
3 0.6334375 0.7775 0.008125 0.011666666666666667
3 0.955 0.5791666666666667 0.00875 0.011666666666666667
3 0.309375 0.029166666666666667 0.00875 0.011666666666666667
3 0.308125 0.8529166666666667 0.00875 0.010833333333333334
3 0.3165625 0.5245833333333333 0.006875 0.0075
3 0.7815625 0.69875 0.006875 0.0075
3 0.5146875 0.5108333333333334 0.008125 0.01
3 0.479375 0.855 0.00875 0.011666666666666667
3 0.2315625 0.5316666666666666 0.006875 0.01
4 0.2328125 0.0375 0.016875 0.02666666666666667
4 0.88 0.3375 0.02125 0.025
4 0.145625 0.95625 0.02125 0.0275
4 0.5071875 0.8875 0.020625 0.023333333333333334
4 0.3396875 0.19833333333333333 0.014375 0.025
3 0.5878125 0.3641666666666667 0.009375 0.011666666666666667
3 0.8659375 0.8383333333333334 0.008125 0.01
3 0.985 0.83 0.01 0.013333333333333334
3 0.285625 0.7225 0.01 0.013333333333333334
3 0.65125 0.9008333333333334 0.00875 0.011666666666666667
3 0.4528125 0.8654166666666666 0.011875 0.0125
3 0.2746875 0.13291666666666666 0.013125 0.014166666666666666
3 0.36 0.6816666666666666 0.01 0.016666666666666666
3 0.6990625 0.13541666666666666 0.006875 0.010833333333333334
3 0.0540625 0.13041666666666665 0.006875 0.010833333333333334
3 0.06375 0.8241666666666667 0.0075 0.011666666666666667
3 0.3840625 0.02375 0.008125 0.009166666666666667
3 0.3746875 0.5495833333333333 0.006875 0.010833333333333334
3 0.816875 0.05625 0.01 0.0125
3 0.1071875 0.8666666666666667 0.006875 0.008333333333333333
3 0.5075 0.6004166666666667 0.00625 0.009166666666666667
3 0.826875 0.011666666666666667 0.00625 0.008333333333333333
3 0.8175 0.7179166666666666 0.00625 0.009166666666666667
3 0.81 0.005 0.00625 0.008333333333333333
3 0.7109375 0.27291666666666664 0.006875 0.009166666666666667
3 0.809375 0.14583333333333334 0.0075 0.01
3 0.9465625 0.5804166666666667 0.008125 0.010833333333333334
3 0.7459375 0.06625 0.008125 0.010833333333333334
3 0.0721875 0.40291666666666665 0.006875 0.009166666666666667
3 0.7078125 0.81125 0.006875 0.009166666666666667
3 0.1240625 0.9445833333333333 0.005625 0.0075
3 0.0359375 0.5229166666666667 0.006875 0.009166666666666667
3 0.5403125 0.78125 0.008125 0.010833333333333334
3 0.7778125 0.33708333333333335 0.009375 0.0125
3 0.194375 0.8475 0.0075 0.011666666666666667
3 0.5734375 0.92 0.008125 0.008333333333333333
3 0.483125 0.545 0.0075 0.01
3 0.3528125 0.6545833333333333 0.005625 0.0075
3 0.8840625 0.64375 0.005625 0.0075
3 0.19 0.49916666666666665 0.0075 0.01
3 0.6503125 0.5395833333333333 0.009375 0.014166666666666666
3 0.2828125 0.9766666666666667 0.010625 0.015
3 0.8465625 0.07 0.010625 0.015
3 0.8225 0.5716666666666667 0.00875 0.013333333333333334
3 0.355625 0.5983333333333334 0.0125 0.016666666666666666
3 0.316875 0.49333333333333335 0.0125 0.016666666666666666
3 0.191875 0.09083333333333334 0.00625 0.006666666666666667
3 0.4234375 0.36791666666666667 0.006875 0.0075
3 0.0246875 0.7520833333333333 0.006875 0.009166666666666667
3 0.5059375 0.47458333333333336 0.006875 0.009166666666666667
3 0.6865625 0.009583333333333333 0.005625 0.005833333333333334
3 0.29125 0.8404166666666667 0.005 0.0075
3 0.643125 0.034583333333333334 0.00625 0.0075
3 0.166875 0.15916666666666668 0.0075 0.01
3 0.06375 0.8408333333333333 0.0075 0.01
3 0.1990625 0.1175 0.004375 0.008333333333333333
3 0.35875 0.40791666666666665 0.00625 0.005833333333333334
3 0.0021875 0.16666666666666666 0.004375 0.008333333333333333
3 0.903125 0.22416666666666665 0.0075 0.01
3 0.76875 0.74875 0.00625 0.009166666666666667
3 0.9878125 0.9516666666666667 0.006875 0.01
3 0.170625 0.35 0.00625 0.008333333333333333
3 0.5209375 0.8533333333333334 0.005625 0.008333333333333333
3 0.9015625 0.15041666666666667 0.005625 0.005833333333333334
3 0.5190625 0.9158333333333334 0.008125 0.011666666666666667
3 0.5903125 0.64375 0.008125 0.009166666666666667
3 0.3778125 0.49083333333333334 0.008125 0.01
3 0.751875 0.5370833333333334 0.0075 0.010833333333333334
3 0.98 0.7425 0.00875 0.011666666666666667
3 0.056875 0.3641666666666667 0.00875 0.011666666666666667
3 0.99375 0.7095833333333333 0.00875 0.010833333333333334
3 0.305625 0.04541666666666667 0.00875 0.010833333333333334
3 0.58 0.15791666666666668 0.00625 0.0075
3 0.2109375 0.7529166666666667 0.006875 0.009166666666666667
3 0.993125 0.8495833333333334 0.005 0.005833333333333334
3 0.9496875 0.9870833333333333 0.006875 0.009166666666666667
3 0.9228125 0.7458333333333333 0.006875 0.008333333333333333
3 0.6334375 0.5225 0.006875 0.01
3 0.7103125 0.7954166666666667 0.006875 0.009166666666666667
3 0.07625 0.035416666666666666 0.005 0.0075
3 0.275 0.0425 0.00625 0.008333333333333333
3 0.8909375 0.004166666666666667 0.005625 0.008333333333333333
3 0.5190625 0.5645833333333333 0.008125 0.0125
3 0.0903125 0.39375 0.009375 0.0125
3 0.0628125 0.6841666666666667 0.009375 0.011666666666666667
3 0.6903125 0.7241666666666666 0.008125 0.011666666666666667
3 0.3590625 0.22833333333333333 0.008125 0.011666666666666667
3 0.8615625 0.3575 0.008125 0.01
3 0.8534375 0.20166666666666666 0.008125 0.011666666666666667
3 0.4515625 0.8108333333333333 0.010625 0.015
3 0.7084375 0.15125 0.010625 0.0125
3 0.3559375 0.09791666666666667 0.008125 0.0075
3 0.1325 0.655 0.0075 0.011666666666666667
3 0.8909375 0.11833333333333333 0.008125 0.008333333333333333
3 0.873125 0.835 0.00875 0.01
3 0.75 0.0775 0.0075 0.011666666666666667
3 0.873125 0.8970833333333333 0.00875 0.009166666666666667
2 0.444375 0.7820833333333334 0.025 0.0225
2 0.8228125 0.1375 0.019375 0.03333333333333333
2 0.6625 0.22208333333333333 0.02125 0.034166666666666665
2 0.65 0.645 0.025 0.03
4 0.534375 0.9291666666666667 0.05875 0.07333333333333333
4 0.8834375 0.7179166666666666 0.056875 0.06916666666666667
4 0.138125 0.4995833333333333 0.0575 0.07916666666666666
3 0.6559375 0.58375 0.005625 0.005833333333333334
3 0.841875 0.24041666666666667 0.005 0.0075
3 0.0784375 0.37916666666666665 0.005625 0.006666666666666667
3 0.748125 0.050416666666666665 0.0075 0.009166666666666667
3 0.930625 0.565 0.0075 0.01
3 0.4884375 0.9808333333333333 0.006875 0.01
3 0.3659375 0.8316666666666667 0.005625 0.006666666666666667
3 0.4015625 0.295 0.005625 0.006666666666666667
3 0.7753125 0.5441666666666667 0.005625 0.008333333333333333
3 0.665625 0.8808333333333334 0.00875 0.013333333333333334
3 0.35125 0.5925 0.01 0.013333333333333334
3 0.2159375 0.21125 0.009375 0.010833333333333334
3 0.69 0.16833333333333333 0.00875 0.011666666666666667
3 0.3425 0.9033333333333333 0.00875 0.011666666666666667
3 0.2959375 0.6391666666666667 0.006875 0.01
3 0.7065625 0.2733333333333333 0.008125 0.011666666666666667
3 0.61 0.7079166666666666 0.0075 0.010833333333333334
2 0.6003125 0.4325 0.020625 0.013333333333333334
2 0.6028125 0.8404166666666667 0.020625 0.024166666666666666
2 0.1328125 0.15541666666666668 0.009375 0.0275
2 0.0775 0.5075 0.02 0.01
3 0.334375 0.93875 0.00625 0.010833333333333334
3 0.9821875 0.059166666666666666 0.005625 0.01
3 0.6775 0.98125 0.00875 0.0125
3 0.4278125 0.46625 0.006875 0.009166666666666667
3 0.7821875 0.9370833333333334 0.006875 0.009166666666666667
3 0.0446875 0.22958333333333333 0.006875 0.009166666666666667
3 0.7715625 0.13708333333333333 0.005625 0.0075
3 0.6859375 0.01625 0.008125 0.010833333333333334
3 0.3028125 0.45375 0.008125 0.010833333333333334
3 0.7915625 0.485 0.008125 0.01
3 0.6325 0.7208333333333333 0.00875 0.011666666666666667
3 0.9621875 0.34625 0.005625 0.009166666666666667
3 0.5821875 0.3145833333333333 0.010625 0.015833333333333335
3 0.9465625 0.45625 0.013125 0.0175
3 0.46125 0.7 0.01 0.015
3 0.588125 0.5983333333333334 0.01125 0.016666666666666666
3 0.2203125 0.7845833333333333 0.014375 0.019166666666666665
3 0.4671875 0.48 0.009375 0.013333333333333334
3 0.465 0.056666666666666664 0.01 0.011666666666666667
3 0.835625 0.18708333333333332 0.01125 0.014166666666666666
3 0.4190625 0.13458333333333333 0.009375 0.014166666666666666
3 0.329375 0.30333333333333334 0.00875 0.01
3 0.6278125 0.25333333333333335 0.010625 0.013333333333333334
3 0.8453125 0.02875 0.010625 0.014166666666666666
3 0.3159375 0.3804166666666667 0.009375 0.0125
3 0.171875 0.9320833333333334 0.00875 0.0125
3 0.9525 0.4995833333333333 0.00875 0.0125
3 0.73375 0.76375 0.01 0.0125
3 0.9203125 0.0575 0.005625 0.006666666666666667
3 0.02 0.01 0.00625 0.006666666666666667
3 0.41125 0.24625 0.00625 0.0075
3 0.7646875 0.13208333333333333 0.006875 0.009166666666666667
3 0.4865625 0.17375 0.006875 0.009166666666666667
3 0.0259375 0.03125 0.005625 0.0075
3 0.3759375 0.36125 0.005625 0.0075
3 0.856875 0.8145833333333333 0.005 0.0075
3 0.1240625 0.38166666666666665 0.004375 0.006666666666666667
3 0.753125 0.33416666666666667 0.00625 0.01
3 0.8928125 0.61375 0.005625 0.009166666666666667
4 0.3375 0.8433333333333334 0.0175 0.02
4 0.3721875 0.6329166666666667 0.010625 0.024166666666666666
4 0.785 0.050833333333333335 0.015 0.023333333333333334
4 0.881875 0.43875 0.0125 0.024166666666666666
4 0.59375 0.41291666666666665 0.0075 0.024166666666666666
4 0.865 0.57375 0.00875 0.024166666666666666
4 0.9703125 0.13291666666666666 0.040625 0.04083333333333333
4 0.771875 0.8979166666666667 0.0425 0.020833333333333332
0 0.9640625 0.7408333333333333 0.065625 0.08833333333333333
0 0.469375 0.4920833333333333 0.06625 0.0825
0 0.28125 0.14875 0.06375 0.08916666666666667
1 0.9209375 0.9475 0.018125 0.023333333333333334
1 0.2859375 0.30916666666666665 0.016875 0.023333333333333334
1 0.3571875 0.7270833333333333 0.009375 0.015833333333333335
1 0.2103125 0.5658333333333333 0.008125 0.015
1 0.1021875 0.99 0.010625 0.016666666666666666
1 0.506875 0.42875 0.0125 0.0175
1 0.2528125 0.5345833333333333 0.013125 0.015833333333333335
1 0.31875 0.675 0.0125 0.013333333333333334
1 0.678125 0.2125 0.0175 0.02
1 0.1334375 0.029583333333333333 0.013125 0.0225
1 0.276875 0.49541666666666667 0.0175 0.019166666666666665
1 0.145625 0.35 0.015 0.023333333333333334
1 0.4675 0.92625 0.0175 0.0225
1 0.273125 0.7020833333333333 0.0175 0.0225
1 0.4675 0.7083333333333334 0.02625 0.023333333333333334
1 0.1775 0.25916666666666666 0.01875 0.035
1 0.8675 0.14708333333333334 0.025 0.015833333333333335
1 0.0765625 0.48625 0.015625 0.020833333333333332
1 0.903125 0.029583333333333333 0.015 0.020833333333333332
1 0.4596875 0.73125 0.015625 0.020833333333333332
1 0.725625 0.8325 0.01625 0.021666666666666667
1 0.0728125 0.7241666666666666 0.011875 0.016666666666666666
1 0.400625 0.7025 0.01625 0.021666666666666667
0 0.9425 0.56875 0.0375 0.0425
0 0.225 0.5525 0.04125 0.05
0 0.44625 0.6025 0.02625 0.02666666666666667
0 0.5678125 0.8220833333333334 0.028125 0.030833333333333334
0 0.6621875 0.6925 0.021875 0.03666666666666667
