2 0.5970833333333333 0.5975 0.0325 0.051666666666666666
2 0.08541666666666667 0.7166666666666667 0.0325 0.04
2 0.80875 0.09583333333333334 0.0475 0.085
2 0.09541666666666666 0.2866666666666667 0.04583333333333333 0.09333333333333334
2 0.35291666666666666 0.4041666666666667 0.04583333333333333 0.06833333333333333
2 0.09041666666666667 0.4625 0.0475 0.085
2 0.26666666666666666 0.13333333333333333 0.04666666666666667 0.07666666666666666
3 0.9304166666666667 0.6091666666666666 0.020833333333333332 0.045
3 0.3770833333333333 0.7125 0.019166666666666665 0.03166666666666667
3 0.3283333333333333 0.44 0.023333333333333334 0.043333333333333335
3 0.44583333333333336 0.37833333333333335 0.023333333333333334 0.04666666666666667
3 0.59375 0.065 0.0225 0.04666666666666667
3 0.73375 0.775 0.014166666666666666 0.02666666666666667
3 0.84875 0.35833333333333334 0.0125 0.02666666666666667
3 0.9075 0.63 0.015 0.03
3 0.7416666666666667 0.13833333333333334 0.011666666666666667 0.02
3 0.58375 0.5083333333333333 0.010833333333333334 0.023333333333333334
3 0.12 0.22416666666666665 0.013333333333333334 0.025
3 0.1825 0.03833333333333333 0.008333333333333333 0.013333333333333334
3 0.017916666666666668 0.7325 0.009166666666666667 0.018333333333333333
3 0.98875 0.41583333333333333 0.010833333333333334 0.021666666666666667
3 0.38666666666666666 0.505 0.01 0.02
3 0.24333333333333335 0.6183333333333333 0.01 0.02
3 0.8775 0.33 0.01 0.02
3 0.12125 0.0925 0.010833333333333334 0.021666666666666667
3 0.14958333333333335 0.04416666666666667 0.009166666666666667 0.018333333333333333
3 0.8166666666666667 0.8858333333333334 0.011666666666666667 0.025
3 0.8016666666666666 0.8491666666666666 0.013333333333333334 0.025
3 0.46375 0.7316666666666667 0.0125 0.023333333333333334
3 0.04041666666666666 0.2325 0.015833333333333335 0.03166666666666667
3 0.9079166666666667 0.8233333333333334 0.0125 0.02
3 0.6745833333333333 0.27666666666666667 0.015833333333333335 0.03
3 0.17125 0.5725 0.014166666666666666 0.025
3 0.016666666666666666 0.9483333333333334 0.013333333333333334 0.03333333333333333
3 0.8966666666666666 0.2833333333333333 0.016666666666666666 0.03333333333333333
3 0.18458333333333332 0.8016666666666666 0.0175 0.03
3 0.3333333333333333 0.5008333333333334 0.008333333333333333 0.018333333333333333
3 0.03 0.045 0.008333333333333333 0.013333333333333334
3 0.9020833333333333 0.34 0.0125 0.02
3 0.1075 0.056666666666666664 0.013333333333333334 0.03
3 0.24916666666666668 0.4741666666666667 0.015 0.03166666666666667
3 0.9329166666666666 0.21916666666666668 0.015833333333333335 0.03166666666666667
3 0.5258333333333334 0.09916666666666667 0.011666666666666667 0.028333333333333332
3 0.56625 0.5766666666666667 0.0175 0.03333333333333333
3 0.11083333333333334 0.375 0.018333333333333333 0.03666666666666667
3 0.042083333333333334 0.6841666666666667 0.0175 0.035
3 0.8983333333333333 0.305 0.018333333333333333 0.03666666666666667
3 0.42625 0.205 0.0175 0.03333333333333333
3 0.6591666666666667 0.55 0.018333333333333333 0.03666666666666667
3 0.6179166666666667 0.7616666666666667 0.0075 0.013333333333333334
3 0.33625 0.3458333333333333 0.0075 0.015
3 0.7254166666666667 0.8383333333333334 0.005833333333333334 0.013333333333333334
3 0.59625 0.155 0.005833333333333334 0.013333333333333334
3 0.545 0.3525 0.005 0.011666666666666667
3 0.8404166666666667 0.21083333333333334 0.0075 0.015
3 0.265 0.9066666666666666 0.008333333333333333 0.016666666666666666
3 0.15125 0.4675 0.010833333333333334 0.021666666666666667
3 0.14208333333333334 0.5775 0.009166666666666667 0.018333333333333333
3 0.9358333333333333 0.85 0.008333333333333333 0.016666666666666666
3 0.23916666666666667 0.9683333333333334 0.008333333333333333 0.016666666666666666
3 0.20083333333333334 0.7625 0.01 0.018333333333333333
3 0.07833333333333334 0.04 0.01 0.02
3 0.3883333333333333 0.8225 0.008333333333333333 0.018333333333333333
3 0.13791666666666666 0.37416666666666665 0.009166666666666667 0.018333333333333333
3 0.14458333333333334 0.8891666666666667 0.010833333333333334 0.021666666666666667
3 0.17375 0.36333333333333334 0.009166666666666667 0.016666666666666666
3 0.8095833333333333 0.5925 0.019166666666666665 0.03833333333333333
3 0.6341666666666667 0.11083333333333334 0.018333333333333333 0.035
3 0.39958333333333335 0.20166666666666666 0.015833333333333335 0.03
3 0.3854166666666667 0.3591666666666667 0.024166666666666666 0.045
3 0.43125 0.12416666666666666 0.0225 0.04833333333333333
3 0.6383333333333333 0.7 0.025 0.04666666666666667
3 0.79125 0.77 0.025833333333333333 0.05
3 0.32416666666666666 0.2825 0.02 0.045
3 0.15791666666666668 0.6591666666666667 0.024166666666666666 0.045
3 0.2075 0.2 0.016666666666666666 0.03333333333333333
3 0.5075 0.25166666666666665 0.016666666666666666 0.03333333333333333
3 0.45416666666666666 0.705 0.015 0.02666666666666667
3 0.465 0.5466666666666666 0.015 0.02666666666666667
3 0.12958333333333333 0.6975 0.014166666666666666 0.025
3 0.8429166666666666 0.19833333333333333 0.014166666666666666 0.03
3 0.38708333333333333 0.38416666666666666 0.010833333333333334 0.021666666666666667
3 0.29875 0.3125 0.010833333333333334 0.021666666666666667
3 0.51375 0.2683333333333333 0.0075 0.016666666666666666
3 0.79125 0.2775 0.010833333333333334 0.021666666666666667
3 0.27708333333333335 0.675 0.010833333333333334 0.023333333333333334
3 0.63375 0.13416666666666666 0.010833333333333334 0.015
3 0.4033333333333333 0.8075 0.011666666666666667 0.021666666666666667
3 0.5975 0.5025 0.011666666666666667 0.021666666666666667
3 0.2675 0.03333333333333333 0.008333333333333333 0.023333333333333334
3 0.45125 0.0875 0.015833333333333335 0.03166666666666667
3 0.55875 0.7675 0.015833333333333335 0.03166666666666667
2 0.61375 0.7466666666666667 0.0225 0.04666666666666667
2 0.9766666666666667 0.21083333333333334 0.02 0.035
2 0.7929166666666667 0.17666666666666667 0.019166666666666665 0.043333333333333335
3 0.3125 0.9241666666666667 0.008333333333333333 0.018333333333333333
3 0.67375 0.2475 0.009166666666666667 0.018333333333333333
3 0.8154166666666667 0.9483333333333334 0.009166666666666667 0.016666666666666666
3 0.84375 0.9841666666666666 0.009166666666666667 0.018333333333333333
3 0.15958333333333333 0.44916666666666666 0.009166666666666667 0.018333333333333333
3 0.6333333333333333 0.46416666666666667 0.013333333333333334 0.025
3 0.39125 0.8383333333333334 0.015833333333333335 0.03
3 0.58625 0.0925 0.015833333333333335 0.03166666666666667
3 0.044583333333333336 0.1375 0.010833333333333334 0.021666666666666667
3 0.5841666666666666 0.055 0.01 0.02
3 0.8845833333333334 0.42 0.0125 0.03
3 0.355 0.9816666666666667 0.015 0.03333333333333333
3 0.3745833333333333 0.4666666666666667 0.015833333333333335 0.02666666666666667
3 0.6966666666666667 0.6866666666666666 0.01 0.02666666666666667
3 0.7425 0.7008333333333333 0.013333333333333334 0.03166666666666667
3 0.87 0.09333333333333334 0.015 0.02666666666666667
3 0.835 0.8133333333333334 0.008333333333333333 0.013333333333333334
3 0.8545833333333334 0.8675 0.005833333333333334 0.015
3 0.57625 0.5591666666666667 0.009166666666666667 0.018333333333333333
3 0.8454166666666667 0.67 0.009166666666666667 0.016666666666666666
3 0.755 0.5325 0.008333333333333333 0.018333333333333333
3 0.34833333333333333 0.6808333333333333 0.011666666666666667 0.021666666666666667
3 0.9683333333333334 0.9058333333333334 0.011666666666666667 0.021666666666666667
3 0.5908333333333333 0.08583333333333333 0.011666666666666667 0.018333333333333333
3 0.7420833333333333 0.2683333333333333 0.010833333333333334 0.016666666666666666
3 0.36791666666666667 0.5791666666666667 0.0075 0.021666666666666667
3 0.5608333333333333 0.22 0.011666666666666667 0.02
3 0.12291666666666666 0.6641666666666667 0.0125 0.021666666666666667
3 0.49625 0.4175 0.010833333333333334 0.025
3 0.33541666666666664 0.5091666666666667 0.0125 0.021666666666666667
3 0.5375 0.8591666666666666 0.01 0.025
3 0.8445833333333334 0.5891666666666666 0.010833333333333334 0.015
3 0.43583333333333335 0.3233333333333333 0.011666666666666667 0.02666666666666667
3 0.7366666666666667 0.2816666666666667 0.011666666666666667 0.023333333333333334
3 0.9504166666666667 0.4841666666666667 0.0125 0.025
3 0.23666666666666666 0.7766666666666666 0.011666666666666667 0.023333333333333334
3 0.22541666666666665 0.15916666666666668 0.010833333333333334 0.021666666666666667
3 0.14083333333333334 0.8783333333333333 0.013333333333333334 0.02666666666666667
3 0.12375 0.19083333333333333 0.010833333333333334 0.021666666666666667
3 0.15375 0.5008333333333334 0.009166666666666667 0.018333333333333333
3 0.54375 0.8075 0.009166666666666667 0.015
3 0.51 0.7691666666666667 0.008333333333333333 0.018333333333333333
3 0.26875 0.8925 0.009166666666666667 0.018333333333333333
3 0.17958333333333334 0.43 0.009166666666666667 0.016666666666666666
3 0.16125 0.5366666666666666 0.009166666666666667 0.016666666666666666
3 0.7629166666666667 0.24916666666666668 0.009166666666666667 0.018333333333333333
3 0.9675 0.8933333333333333 0.008333333333333333 0.013333333333333334
3 0.78125 0.7333333333333333 0.0075 0.016666666666666666
3 0.04708333333333333 0.42 0.009166666666666667 0.016666666666666666
3 0.06125 0.8108333333333333 0.0075 0.018333333333333333
3 0.21041666666666667 0.8975 0.0075 0.018333333333333333
3 0.51375 0.9791666666666666 0.009166666666666667 0.018333333333333333
3 0.3854166666666667 0.8541666666666666 0.0075 0.018333333333333333
3 0.3525 0.8808333333333334 0.011666666666666667 0.025
3 0.21166666666666667 0.7458333333333333 0.013333333333333334 0.025
3 0.051666666666666666 0.3333333333333333 0.015 0.03
3 0.6383333333333333 0.32666666666666666 0.013333333333333334 0.02666666666666667
3 0.46166666666666667 0.5616666666666666 0.015 0.03
3 0.5029166666666667 0.0375 0.0075 0.018333333333333333
3 0.5604166666666667 0.9525 0.009166666666666667 0.018333333333333333
3 0.07041666666666667 0.4008333333333333 0.009166666666666667 0.018333333333333333
3 0.38625 0.495 0.009166666666666667 0.016666666666666666
3 0.4216666666666667 0.8233333333333334 0.008333333333333333 0.02
3 0.7391666666666666 0.7441666666666666 0.011666666666666667 0.021666666666666667
3 0.43916666666666665 0.20333333333333334 0.011666666666666667 0.02
3 0.5008333333333334 0.965 0.01 0.016666666666666666
3 0.3779166666666667 0.6408333333333334 0.009166666666666667 0.018333333333333333
3 0.48083333333333333 0.7616666666666667 0.01 0.02
3 0.7720833333333333 0.49916666666666665 0.010833333333333334 0.021666666666666667
3 0.08416666666666667 0.7908333333333334 0.005 0.015
3 0.04666666666666667 0.06 0.008333333333333333 0.013333333333333334
3 0.47625 0.5383333333333333 0.009166666666666667 0.016666666666666666
3 0.6566666666666666 0.7866666666666666 0.006666666666666667 0.016666666666666666
3 0.3570833333333333 0.1225 0.0075 0.011666666666666667
2 0.6904166666666667 0.33 0.0225 0.03333333333333333
2 0.4125 0.8591666666666666 0.021666666666666667 0.041666666666666664
2 0.9145833333333333 0.22416666666666665 0.009166666666666667 0.041666666666666664
2 0.11833333333333333 0.034166666666666665 0.015 0.045
3 0.9954166666666666 0.3883333333333333 0.004166666666666667 0.006666666666666667
3 0.9954166666666666 0.5691666666666667 0.004166666666666667 0.008333333333333333
3 0.8183333333333334 0.09 0.005 0.01
3 0.06 0.8166666666666667 0.005 0.01
3 0.06333333333333334 0.4083333333333333 0.005 0.01
3 0.39916666666666667 0.018333333333333333 0.005 0.01
3 0.31375 0.31666666666666665 0.004166666666666667 0.006666666666666667
3 0.8541666666666666 0.8191666666666667 0.0033333333333333335 0.008333333333333333
3 0.37125 0.4116666666666667 0.004166666666666667 0.01
3 0.4633333333333333 0.9808333333333333 0.005 0.008333333333333333
3 0.475 0.7133333333333334 0.005 0.01
3 0.2925 0.6391666666666667 0.0033333333333333335 0.008333333333333333
3 0.9570833333333333 0.805 0.004166666666666667 0.01
3 0.7545833333333334 0.8258333333333333 0.004166666666666667 0.008333333333333333
3 0.9608333333333333 0.95 0.006666666666666667 0.013333333333333334
3 0.5145833333333333 0.7275 0.005833333333333334 0.011666666666666667
3 0.3275 0.28 0.006666666666666667 0.013333333333333334
3 0.7708333333333334 0.08666666666666667 0.006666666666666667 0.013333333333333334
3 0.09125 0.9841666666666666 0.005833333333333334 0.011666666666666667
3 0.065 0.9716666666666667 0.006666666666666667 0.013333333333333334
3 0.7658333333333334 0.7083333333333334 0.006666666666666667 0.013333333333333334
3 0.6441666666666667 0.17166666666666666 0.006666666666666667 0.013333333333333334
3 0.30416666666666664 0.9633333333333334 0.006666666666666667 0.013333333333333334
3 0.015833333333333335 0.8558333333333333 0.006666666666666667 0.011666666666666667
3 0.8958333333333334 0.935 0.008333333333333333 0.016666666666666666
3 0.61875 0.9525 0.009166666666666667 0.018333333333333333
3 0.4816666666666667 0.99 0.006666666666666667 0.013333333333333334
3 0.67375 0.9566666666666667 0.0075 0.013333333333333334
3 0.21375 0.8108333333333333 0.009166666666666667 0.018333333333333333
3 0.60125 0.028333333333333332 0.0075 0.016666666666666666
3 0.8166666666666667 0.15916666666666668 0.008333333333333333 0.018333333333333333
3 0.5120833333333333 0.3958333333333333 0.009166666666666667 0.015
3 0.365 0.056666666666666664 0.008333333333333333 0.013333333333333334
3 0.08708333333333333 0.4216666666666667 0.009166666666666667 0.016666666666666666
3 0.5975 0.7616666666666667 0.005 0.01
3 0.10791666666666666 0.5433333333333333 0.004166666666666667 0.01
3 0.19916666666666666 0.4791666666666667 0.005 0.008333333333333333
3 0.525 0.8733333333333333 0.005 0.01
3 0.425 0.1175 0.005 0.008333333333333333
3 0.8466666666666667 0.4725 0.005 0.008333333333333333
3 0.5120833333333333 0.7275 0.005833333333333334 0.011666666666666667
3 0.9170833333333334 0.235 0.005833333333333334 0.013333333333333334
3 0.5366666666666666 0.3883333333333333 0.01 0.02
3 0.48291666666666666 0.095 0.0075 0.016666666666666666
3 0.6166666666666667 0.8275 0.008333333333333333 0.018333333333333333
3 0.8041666666666667 0.04583333333333333 0.008333333333333333 0.018333333333333333
3 0.23083333333333333 0.42083333333333334 0.006666666666666667 0.015
3 0.49625 0.20666666666666667 0.0075 0.016666666666666666
3 0.8470833333333333 0.5058333333333334 0.009166666666666667 0.018333333333333333
3 0.5454166666666667 0.225 0.0075 0.016666666666666666
3 0.96125 0.255 0.004166666666666667 0.01
3 0.2520833333333333 0.86 0.004166666666666667 0.01
3 0.00875 0.2925 0.004166666666666667 0.008333333333333333
3 0.15083333333333335 0.11 0.005 0.01
3 0.9279166666666666 0.38666666666666666 0.004166666666666667 0.01
3 0.96 0.06583333333333333 0.005 0.008333333333333333
3 0.38 0.23666666666666666 0.005 0.01
3 0.24583333333333332 0.965 0.005 0.01
3 0.3466666666666667 0.10166666666666667 0.005 0.01
3 0.044583333333333336 0.49 0.004166666666666667 0.01
3 0.8591666666666666 0.38666666666666666 0.005 0.01
3 0.6604166666666667 0.3441666666666667 0.004166666666666667 0.008333333333333333
3 0.6083333333333333 0.16666666666666666 0.005 0.01
3 0.7141666666666666 0.9916666666666667 0.005 0.01
3 0.6933333333333334 0.37833333333333335 0.005 0.01
3 0.97625 0.8766666666666667 0.004166666666666667 0.01
3 0.7945833333333333 0.9391666666666667 0.0075 0.015
3 0.08208333333333333 0.9833333333333333 0.0075 0.013333333333333334
3 0.8483333333333334 0.8225 0.006666666666666667 0.015
3 0.5175 0.62 0.006666666666666667 0.013333333333333334
3 0.3825 0.44916666666666666 0.006666666666666667 0.011666666666666667
3 0.57875 0.7741666666666667 0.005833333333333334 0.011666666666666667
3 0.032916666666666664 0.41333333333333333 0.0075 0.016666666666666666
3 0.5941666666666666 0.31666666666666665 0.008333333333333333 0.016666666666666666
3 0.8225 0.04416666666666667 0.006666666666666667 0.015
3 0.8066666666666666 0.945 0.008333333333333333 0.016666666666666666
3 0.0075 0.3458333333333333 0.006666666666666667 0.015
3 0.9008333333333334 0.975 0.006666666666666667 0.013333333333333334
3 0.7033333333333334 0.21666666666666667 0.006666666666666667 0.013333333333333334
3 0.38166666666666665 0.37166666666666665 0.006666666666666667 0.013333333333333334
3 0.955 0.07333333333333333 0.006666666666666667 0.013333333333333334
3 0.66 0.9458333333333333 0.011666666666666667 0.025
3 0.51 0.1025 0.011666666666666667 0.025
3 0.23375 0.6716666666666666 0.0125 0.02666666666666667
3 0.9691666666666666 0.7966666666666666 0.006666666666666667 0.013333333333333334
3 0.7266666666666667 0.11333333333333333 0.006666666666666667 0.013333333333333334
3 0.46041666666666664 0.7041666666666667 0.0025 0.005
3 0.51625 0.9741666666666666 0.0025 0.005
3 0.5858333333333333 0.8566666666666667 0.0033333333333333335 0.006666666666666667
3 0.1325 0.69 0.0033333333333333335 0.006666666666666667
3 0.8025 0.16666666666666666 0.0033333333333333335 0.006666666666666667
3 0.7808333333333334 0.485 0.0033333333333333335 0.006666666666666667
3 0.05458333333333333 0.5975 0.004166666666666667 0.008333333333333333
3 0.9975 0.7275 0.0033333333333333335 0.008333333333333333
3 0.65875 0.8925 0.004166666666666667 0.008333333333333333
3 0.025 0.3641666666666667 0.0033333333333333335 0.008333333333333333
3 0.6895833333333333 0.93 0.0025 0.006666666666666667
3 0.7066666666666667 0.44166666666666665 0.0033333333333333335 0.006666666666666667
3 0.2875 0.8108333333333333 0.0033333333333333335 0.008333333333333333
3 0.02875 0.0925 0.004166666666666667 0.008333333333333333
3 0.06875 0.32083333333333336 0.005833333333333334 0.011666666666666667
3 0.24583333333333332 0.6208333333333333 0.006666666666666667 0.015
3 0.013333333333333334 0.2991666666666667 0.006666666666666667 0.011666666666666667
3 0.17166666666666666 0.1 0.006666666666666667 0.013333333333333334
3 0.295 0.43833333333333335 0.005 0.01
3 0.825 0.5216666666666666 0.005 0.01
3 0.16208333333333333 0.31416666666666665 0.004166666666666667 0.008333333333333333
3 0.5295833333333333 0.6516666666666666 0.004166666666666667 0.01
3 0.7225 0.9916666666666667 0.005 0.01
3 0.91 0.9858333333333333 0.005 0.008333333333333333
3 0.19166666666666668 0.4216666666666667 0.006666666666666667 0.013333333333333334
3 0.35291666666666666 0.5608333333333333 0.005833333333333334 0.011666666666666667
3 0.08875 0.265 0.005833333333333334 0.013333333333333334
3 0.9266666666666666 0.16833333333333333 0.006666666666666667 0.013333333333333334
3 0.44083333333333335 0.2708333333333333 0.005 0.011666666666666667
3 0.8979166666666667 0.5291666666666667 0.004166666666666667 0.008333333333333333
3 0.39625 0.5466666666666666 0.004166666666666667 0.01
3 0.7075 0.71 0.005 0.01
3 0.39458333333333334 0.035833333333333335 0.004166666666666667 0.008333333333333333
3 0.08916666666666667 0.7208333333333333 0.005 0.008333333333333333
3 0.6675 0.030833333333333334 0.005 0.011666666666666667
3 0.3308333333333333 0.35 0.006666666666666667 0.013333333333333334
3 0.9429166666666666 0.8841666666666667 0.005833333333333334 0.011666666666666667
3 0.7220833333333333 0.5333333333333333 0.0075 0.013333333333333334
3 0.3620833333333333 0.96 0.0075 0.013333333333333334
3 0.7325 0.4775 0.005 0.011666666666666667
3 0.9870833333333333 0.8575 0.0075 0.015
3 0.83 0.725 0.008333333333333333 0.016666666666666666
3 0.9608333333333333 0.64 0.008333333333333333 0.016666666666666666
3 0.5058333333333334 0.9083333333333333 0.01 0.02
3 0.4170833333333333 0.38416666666666666 0.0075 0.015
3 0.9908333333333333 0.735 0.005 0.006666666666666667
3 0.8879166666666667 0.1475 0.005833333333333334 0.011666666666666667
3 0.9191666666666667 0.1525 0.005 0.011666666666666667
3 0.3204166666666667 0.21 0.005833333333333334 0.01
3 0.63625 0.8383333333333334 0.005833333333333334 0.01
3 0.42375 0.7841666666666667 0.005833333333333334 0.011666666666666667
3 0.61875 0.5716666666666667 0.005833333333333334 0.01
3 0.35791666666666666 0.205 0.004166666666666667 0.01
3 0.715 0.8625 0.005 0.011666666666666667
3 0.5195833333333333 0.7733333333333333 0.005833333333333334 0.01
3 0.2654166666666667 0.1675 0.0075 0.015
3 0.36041666666666666 0.07833333333333334 0.005833333333333334 0.013333333333333334
3 0.5779166666666666 0.9275 0.0075 0.015
3 0.89125 0.2833333333333333 0.0075 0.013333333333333334
3 0.17416666666666666 0.6375 0.006666666666666667 0.015
3 0.5116666666666667 0.66 0.005 0.01
3 0.12208333333333334 0.10916666666666666 0.005833333333333334 0.011666666666666667
3 0.9670833333333333 0.4825 0.005833333333333334 0.011666666666666667
3 0.10583333333333333 0.44166666666666665 0.006666666666666667 0.013333333333333334
3 0.14 0.2833333333333333 0.006666666666666667 0.013333333333333334
3 0.9966666666666667 0.25833333333333336 0.006666666666666667 0.013333333333333334
3 0.24208333333333334 0.23916666666666667 0.005833333333333334 0.011666666666666667
3 0.13416666666666666 0.9766666666666667 0.006666666666666667 0.013333333333333334
3 0.5483333333333333 0.6766666666666666 0.006666666666666667 0.013333333333333334
3 0.5708333333333333 0.475 0.006666666666666667 0.013333333333333334
3 0.8216666666666667 0.28583333333333333 0.008333333333333333 0.018333333333333333
3 0.8054166666666667 0.8866666666666667 0.009166666666666667 0.016666666666666666
3 0.9104166666666667 0.36333333333333334 0.009166666666666667 0.016666666666666666
3 0.8320833333333333 0.8041666666666667 0.009166666666666667 0.018333333333333333
3 0.535 0.5433333333333333 0.008333333333333333 0.016666666666666666
3 0.6016666666666667 0.36666666666666664 0.008333333333333333 0.016666666666666666
3 0.3279166666666667 0.735 0.0075 0.013333333333333334
3 0.5525 0.6058333333333333 0.008333333333333333 0.015
3 0.35583333333333333 0.7283333333333334 0.005 0.006666666666666667
3 0.9241666666666667 0.05416666666666667 0.005 0.011666666666666667
3 0.9729166666666667 0.02 0.004166666666666667 0.01
3 0.028333333333333332 0.22833333333333333 0.005 0.01
3 0.9416666666666667 0.5633333333333334 0.005 0.01
3 0.7570833333333333 0.5516666666666666 0.004166666666666667 0.01
3 0.30333333333333334 0.30666666666666664 0.005 0.01
3 0.6279166666666667 0.31666666666666665 0.004166666666666667 0.006666666666666667
3 0.0125 0.3975 0.01 0.021666666666666667
3 0.8341666666666666 0.93 0.01 0.02
3 0.10791666666666666 0.4691666666666667 0.005833333333333334 0.011666666666666667
3 0.29125 0.8725 0.005833333333333334 0.011666666666666667
3 0.20708333333333334 0.2708333333333333 0.005833333333333334 0.011666666666666667
3 0.15625 0.40166666666666667 0.0075 0.013333333333333334
3 0.795 0.36666666666666664 0.008333333333333333 0.016666666666666666
3 0.60375 0.7141666666666666 0.009166666666666667 0.018333333333333333
3 0.32875 0.5208333333333334 0.0075 0.015
3 0.18791666666666668 0.9625 0.010833333333333334 0.021666666666666667
3 0.7125 0.4483333333333333 0.01 0.02
3 0.3933333333333333 0.4166666666666667 0.01 0.02
3 0.5 0.915 0.008333333333333333 0.016666666666666666
3 0.9270833333333334 0.84 0.005833333333333334 0.013333333333333334
3 0.5308333333333334 0.8758333333333334 0.006666666666666667 0.015
3 0.45875 0.5166666666666667 0.0075 0.013333333333333334
3 0.2525 0.14583333333333334 0.006666666666666667 0.011666666666666667
3 0.23875 0.029166666666666667 0.0075 0.015
3 0.4066666666666667 0.5791666666666667 0.005 0.011666666666666667
3 0.5704166666666667 0.31916666666666665 0.0075 0.015
3 0.09916666666666667 0.5183333333333333 0.006666666666666667 0.013333333333333334
3 0.9141666666666667 0.1375 0.006666666666666667 0.011666666666666667
3 0.62875 0.5791666666666667 0.0075 0.015
