2 0.71875 0.44333333333333336 0.030833333333333334 0.02666666666666667
2 0.6154166666666666 0.45416666666666666 0.030833333333333334 0.058333333333333334
2 0.029166666666666667 0.755 0.02666666666666667 0.06333333333333334
2 0.2704166666666667 0.31416666666666665 0.030833333333333334 0.058333333333333334
2 0.38375 0.42 0.0175 0.06333333333333334
2 0.7775 0.3375 0.025 0.065
2 0.23833333333333334 0.5083333333333333 0.045 0.06666666666666667
2 0.7333333333333333 0.9458333333333333 0.043333333333333335 0.095
2 0.6908333333333333 0.6175 0.043333333333333335 0.095
3 0.43666666666666665 0.4266666666666667 0.023333333333333334 0.04666666666666667
3 0.10166666666666667 0.8016666666666666 0.021666666666666667 0.04666666666666667
3 0.49416666666666664 0.11333333333333333 0.021666666666666667 0.04666666666666667
3 0.6820833333333334 0.45916666666666667 0.019166666666666665 0.03166666666666667
3 0.605 0.6616666666666666 0.021666666666666667 0.04666666666666667
3 0.40208333333333335 0.8875 0.020833333333333332 0.045
3 0.43416666666666665 0.89 0.015 0.03
3 0.91375 0.96 0.0125 0.02666666666666667
3 0.4375 0.2941666666666667 0.011666666666666667 0.021666666666666667
3 0.72125 0.7091666666666666 0.010833333333333334 0.018333333333333333
3 0.19083333333333333 0.38083333333333336 0.008333333333333333 0.018333333333333333
3 0.14708333333333334 0.7166666666666667 0.009166666666666667 0.016666666666666666
3 0.09708333333333333 0.6641666666666667 0.005833333333333334 0.015
3 0.7495833333333334 0.3475 0.009166666666666667 0.018333333333333333
3 0.40708333333333335 0.17916666666666667 0.010833333333333334 0.021666666666666667
3 0.26458333333333334 0.2825 0.009166666666666667 0.018333333333333333
3 0.9241666666666667 0.058333333333333334 0.01 0.02
3 0.4875 0.24166666666666667 0.008333333333333333 0.016666666666666666
3 0.33458333333333334 0.1925 0.009166666666666667 0.018333333333333333
3 0.22375 0.6175 0.0075 0.015
3 0.7495833333333334 0.5058333333333334 0.009166666666666667 0.021666666666666667
3 0.05416666666666667 0.5575 0.011666666666666667 0.025
3 0.052083333333333336 0.8016666666666666 0.0125 0.023333333333333334
3 0.37666666666666665 0.1375 0.011666666666666667 0.025
3 0.9566666666666667 0.7091666666666666 0.013333333333333334 0.025
3 0.385 0.7125 0.013333333333333334 0.025
3 0.9716666666666667 0.6958333333333333 0.015 0.025
3 0.38375 0.8641666666666666 0.014166666666666666 0.025
3 0.10291666666666667 0.27166666666666667 0.010833333333333334 0.02666666666666667
3 0.10041666666666667 0.18916666666666668 0.0125 0.021666666666666667
3 0.15 0.7475 0.015 0.03166666666666667
3 0.13583333333333333 0.865 0.011666666666666667 0.02666666666666667
3 0.8629166666666667 0.2683333333333333 0.0125 0.03333333333333333
3 0.08291666666666667 0.6725 0.010833333333333334 0.03166666666666667
3 0.13791666666666666 0.7 0.0175 0.03
3 0.98875 0.18583333333333332 0.010833333333333334 0.03166666666666667
3 0.26875 0.4625 0.0175 0.028333333333333332
3 0.5779166666666666 0.6325 0.009166666666666667 0.03166666666666667
3 0.13291666666666666 0.2275 0.009166666666666667 0.018333333333333333
3 0.26916666666666667 0.7816666666666666 0.006666666666666667 0.016666666666666666
3 0.51875 0.35583333333333333 0.009166666666666667 0.018333333333333333
3 0.2679166666666667 0.18583333333333332 0.009166666666666667 0.018333333333333333
3 0.21458333333333332 0.6058333333333333 0.009166666666666667 0.018333333333333333
3 0.4970833333333333 0.2675 0.015833333333333335 0.03166666666666667
3 0.6520833333333333 0.9075 0.015833333333333335 0.028333333333333332
3 0.16833333333333333 0.5975 0.015 0.025
3 0.2891666666666667 0.5141666666666667 0.01 0.025
3 0.19875 0.595 0.0175 0.03333333333333333
3 0.80125 0.3575 0.0175 0.035
3 0.6133333333333333 0.3175 0.016666666666666666 0.03166666666666667
3 0.7116666666666667 0.815 0.006666666666666667 0.013333333333333334
3 0.6029166666666667 0.6558333333333334 0.0075 0.015
3 0.16791666666666666 0.7683333333333333 0.005833333333333334 0.013333333333333334
3 0.6520833333333333 0.04666666666666667 0.005833333333333334 0.013333333333333334
3 0.21333333333333335 0.7525 0.006666666666666667 0.011666666666666667
3 0.945 0.055 0.006666666666666667 0.013333333333333334
3 0.1775 0.6166666666666667 0.01 0.02
3 0.24 0.98 0.008333333333333333 0.016666666666666666
3 0.8929166666666667 0.2025 0.010833333333333334 0.021666666666666667
3 0.01375 0.8341666666666666 0.009166666666666667 0.018333333333333333
3 0.8583333333333333 0.09333333333333334 0.01 0.02
3 0.17791666666666667 0.15416666666666667 0.010833333333333334 0.021666666666666667
3 0.2995833333333333 0.9275 0.010833333333333334 0.021666666666666667
3 0.94625 0.6766666666666666 0.010833333333333334 0.02
3 0.21958333333333332 0.8091666666666667 0.009166666666666667 0.018333333333333333
3 0.565 0.22666666666666666 0.01 0.02
3 0.3875 0.59 0.016666666666666666 0.03333333333333333
3 0.375 0.7691666666666667 0.016666666666666666 0.035
3 0.15083333333333335 0.36916666666666664 0.021666666666666667 0.041666666666666664
3 0.7675 0.05333333333333334 0.021666666666666667 0.043333333333333335
3 0.18875 0.5691666666666667 0.025833333333333333 0.051666666666666666
3 0.53 0.18666666666666668 0.02666666666666667 0.05333333333333334
3 0.8766666666666667 0.7516666666666667 0.021666666666666667 0.04
3 0.8266666666666667 0.8491666666666666 0.025 0.051666666666666666
3 0.9583333333333334 0.4791666666666667 0.018333333333333333 0.041666666666666664
3 0.235 0.5633333333333334 0.011666666666666667 0.02666666666666667
3 0.14958333333333335 0.5108333333333334 0.0125 0.021666666666666667
3 0.4395833333333333 0.48833333333333334 0.015833333333333335 0.03333333333333333
3 0.5829166666666666 0.22083333333333333 0.015833333333333335 0.03166666666666667
3 0.49416666666666664 0.8791666666666667 0.01 0.021666666666666667
3 0.09875 0.31083333333333335 0.010833333333333334 0.021666666666666667
3 0.9045833333333333 0.4608333333333333 0.010833333333333334 0.021666666666666667
3 0.7908333333333334 0.9175 0.01 0.021666666666666667
3 0.28708333333333336 0.06666666666666667 0.010833333333333334 0.016666666666666666
3 0.7908333333333334 0.4175 0.01 0.011666666666666667
3 0.19625 0.31916666666666665 0.0075 0.021666666666666667
3 0.22958333333333333 0.7933333333333333 0.005833333333333334 0.02
3 0.40458333333333335 0.31 0.010833333333333334 0.023333333333333334
3 0.2825 0.25166666666666665 0.015 0.02666666666666667
3 0.42583333333333334 0.049166666666666664 0.015 0.028333333333333332
3 0.255 0.4675 0.011666666666666667 0.028333333333333332
3 0.30833333333333335 0.7291666666666666 0.015 0.03166666666666667
3 0.4925 0.8258333333333333 0.015 0.028333333333333332
2 0.1575 0.965 0.023333333333333334 0.04666666666666667
2 0.48 0.5358333333333334 0.018333333333333333 0.041666666666666664
2 0.23833333333333334 0.07666666666666666 0.023333333333333334 0.043333333333333335
2 0.6870833333333334 0.49833333333333335 0.0175 0.04
3 0.9283333333333333 0.22083333333333333 0.008333333333333333 0.018333333333333333
3 0.35375 0.9491666666666667 0.009166666666666667 0.018333333333333333
3 0.5904166666666667 0.2425 0.009166666666666667 0.018333333333333333
3 0.56375 0.9708333333333333 0.009166666666666667 0.018333333333333333
3 0.5683333333333334 0.9066666666666666 0.006666666666666667 0.016666666666666666
3 0.05625 0.5491666666666667 0.009166666666666667 0.018333333333333333
3 0.7341666666666666 0.1875 0.015 0.03166666666666667
3 0.7141666666666666 0.9558333333333333 0.013333333333333334 0.025
3 0.735 0.38083333333333336 0.013333333333333334 0.028333333333333332
3 0.08541666666666667 0.7408333333333333 0.014166666666666666 0.028333333333333332
3 0.11291666666666667 0.26666666666666666 0.0125 0.02666666666666667
3 0.7779166666666667 0.9025 0.010833333333333334 0.021666666666666667
3 0.6883333333333334 0.925 0.01 0.02
3 0.5545833333333333 0.40166666666666667 0.009166666666666667 0.02
3 0.27 0.8558333333333333 0.008333333333333333 0.018333333333333333
3 0.93125 0.69 0.010833333333333334 0.02
3 0.92125 0.07083333333333333 0.010833333333333334 0.021666666666666667
3 0.9825 0.8541666666666666 0.013333333333333334 0.03166666666666667
3 0.715 0.8041666666666667 0.016666666666666666 0.03166666666666667
3 0.30375 0.20333333333333334 0.009166666666666667 0.016666666666666666
3 0.7129166666666666 0.26916666666666667 0.009166666666666667 0.018333333333333333
3 0.18291666666666667 0.66 0.0075 0.016666666666666666
3 0.46125 0.44916666666666666 0.009166666666666667 0.018333333333333333
3 0.9808333333333333 0.37166666666666665 0.008333333333333333 0.013333333333333334
3 0.35791666666666666 0.0525 0.009166666666666667 0.018333333333333333
3 0.2504166666666667 0.38916666666666666 0.010833333333333334 0.021666666666666667
3 0.034166666666666665 0.6133333333333333 0.011666666666666667 0.02
3 0.5116666666666667 0.8333333333333334 0.011666666666666667 0.02
3 0.7725 0.6216666666666667 0.011666666666666667 0.016666666666666666
3 0.6895833333333333 0.025 0.010833333333333334 0.016666666666666666
3 0.06666666666666667 0.2808333333333333 0.013333333333333334 0.025
3 0.30041666666666667 0.9433333333333334 0.010833333333333334 0.016666666666666666
3 0.32125 0.9583333333333334 0.0125 0.02666666666666667
3 0.9704166666666667 0.24833333333333332 0.009166666666666667 0.023333333333333334
3 0.39916666666666667 0.6408333333333334 0.013333333333333334 0.025
3 0.48833333333333334 0.615 0.011666666666666667 0.02666666666666667
3 0.10833333333333334 0.10333333333333333 0.013333333333333334 0.02666666666666667
3 0.20333333333333334 0.9158333333333334 0.01 0.025
3 0.6991666666666667 0.4791666666666667 0.011666666666666667 0.018333333333333333
3 0.535 0.09166666666666666 0.011666666666666667 0.02666666666666667
3 0.07125 0.31583333333333335 0.010833333333333334 0.025
3 0.07125 0.5741666666666667 0.014166666666666666 0.028333333333333332
3 0.6166666666666667 0.5733333333333334 0.013333333333333334 0.02666666666666667
3 0.10875 0.8758333333333334 0.014166666666666666 0.028333333333333332
3 0.44583333333333336 0.67 0.013333333333333334 0.02666666666666667
3 0.83625 0.22083333333333333 0.009166666666666667 0.018333333333333333
3 0.2920833333333333 0.4191666666666667 0.009166666666666667 0.018333333333333333
3 0.8329166666666666 0.3258333333333333 0.009166666666666667 0.015
3 0.6583333333333333 0.2475 0.008333333333333333 0.015
3 0.6025 0.7675 0.008333333333333333 0.018333333333333333
3 0.012916666666666667 0.31083333333333335 0.009166666666666667 0.018333333333333333
3 0.8420833333333333 0.44083333333333335 0.009166666666666667 0.018333333333333333
3 0.36875 0.14333333333333334 0.009166666666666667 0.016666666666666666
3 0.19375 0.5508333333333333 0.009166666666666667 0.018333333333333333
3 0.030833333333333334 0.7775 0.008333333333333333 0.015
3 0.8120833333333334 0.9208333333333333 0.009166666666666667 0.018333333333333333
3 0.47541666666666665 0.26416666666666666 0.0075 0.011666666666666667
3 0.4979166666666667 0.6433333333333333 0.009166666666666667 0.016666666666666666
3 0.12541666666666668 0.22666666666666666 0.0075 0.016666666666666666
3 0.9241666666666667 0.065 0.013333333333333334 0.02666666666666667
3 0.51625 0.24833333333333332 0.010833333333333334 0.023333333333333334
3 0.37416666666666665 0.7741666666666667 0.011666666666666667 0.021666666666666667
3 0.09208333333333334 0.3358333333333333 0.014166666666666666 0.028333333333333332
3 0.8745833333333334 0.44916666666666666 0.014166666666666666 0.028333333333333332
3 0.21458333333333332 0.8758333333333334 0.0075 0.018333333333333333
3 0.6345833333333334 0.19916666666666666 0.009166666666666667 0.018333333333333333
3 0.42 0.7166666666666667 0.008333333333333333 0.013333333333333334
3 0.29375 0.5775 0.0075 0.011666666666666667
3 0.09291666666666666 0.2375 0.009166666666666667 0.018333333333333333
3 0.4766666666666667 0.2375 0.008333333333333333 0.018333333333333333
3 0.7583333333333333 0.55 0.008333333333333333 0.02
3 0.14666666666666667 0.7241666666666666 0.011666666666666667 0.025
3 0.11916666666666667 0.8408333333333333 0.011666666666666667 0.025
3 0.3329166666666667 0.04083333333333333 0.010833333333333334 0.018333333333333333
3 0.9791666666666666 0.25333333333333335 0.01 0.023333333333333334
3 0.9783333333333334 0.7508333333333334 0.011666666666666667 0.025
3 0.9175 0.39666666666666667 0.008333333333333333 0.016666666666666666
3 0.7841666666666667 0.155 0.01 0.02
3 0.42833333333333334 0.32416666666666666 0.008333333333333333 0.018333333333333333
3 0.13791666666666666 0.4083333333333333 0.005833333333333334 0.016666666666666666
3 0.19916666666666666 0.4558333333333333 0.008333333333333333 0.011666666666666667
2 0.4320833333333333 0.8225 0.015833333333333335 0.045
2 0.15208333333333332 0.5541666666666667 0.0225 0.03166666666666667
2 0.6491666666666667 0.2808333333333333 0.013333333333333334 0.045
3 0.34625 0.2425 0.004166666666666667 0.008333333333333333
3 0.12875 0.7216666666666667 0.004166666666666667 0.006666666666666667
3 0.6375 0.08583333333333333 0.0033333333333333335 0.008333333333333333
3 0.9404166666666667 0.715 0.0025 0.006666666666666667
3 0.9566666666666667 0.8191666666666667 0.005 0.008333333333333333
3 0.66375 0.9116666666666666 0.004166666666666667 0.01
3 0.7333333333333333 0.0825 0.005 0.008333333333333333
3 0.5004166666666666 0.975 0.004166666666666667 0.006666666666666667
3 0.3616666666666667 0.5591666666666667 0.0033333333333333335 0.008333333333333333
3 0.5770833333333333 0.8058333333333333 0.004166666666666667 0.008333333333333333
3 0.7829166666666667 0.185 0.0025 0.006666666666666667
3 0.28708333333333336 0.24583333333333332 0.004166666666666667 0.008333333333333333
3 0.33916666666666667 0.13416666666666666 0.0033333333333333335 0.008333333333333333
3 0.0125 0.785 0.005 0.01
3 0.1775 0.2825 0.005 0.008333333333333333
3 0.7441666666666666 0.06666666666666667 0.006666666666666667 0.013333333333333334
3 0.5891666666666666 0.6033333333333334 0.006666666666666667 0.013333333333333334
3 0.43666666666666665 0.6183333333333333 0.006666666666666667 0.013333333333333334
3 0.9670833333333333 0.9591666666666666 0.005833333333333334 0.011666666666666667
3 0.7025 0.2991666666666667 0.005 0.008333333333333333
3 0.8016666666666666 0.6641666666666667 0.006666666666666667 0.011666666666666667
3 0.455 0.5258333333333334 0.008333333333333333 0.015
3 0.3325 0.0625 0.008333333333333333 0.018333333333333333
3 0.39916666666666667 0.2875 0.008333333333333333 0.018333333333333333
3 0.9883333333333333 0.8383333333333334 0.005 0.01
3 0.23583333333333334 0.99 0.005 0.01
3 0.9575 0.9883333333333333 0.005 0.01
3 0.28458333333333335 0.1825 0.005833333333333334 0.011666666666666667
3 0.9358333333333333 0.7366666666666667 0.006666666666666667 0.013333333333333334
3 0.12708333333333333 0.20583333333333334 0.005833333333333334 0.011666666666666667
3 0.0075 0.24833333333333332 0.006666666666666667 0.013333333333333334
3 0.3516666666666667 0.8375 0.005 0.011666666666666667
3 0.5120833333333333 0.68 0.0075 0.016666666666666666
3 0.3125 0.4025 0.008333333333333333 0.018333333333333333
3 0.7170833333333333 0.4866666666666667 0.009166666666666667 0.016666666666666666
3 0.12291666666666666 0.22333333333333333 0.0075 0.016666666666666666
3 0.4625 0.9641666666666666 0.006666666666666667 0.011666666666666667
3 0.19125 0.2833333333333333 0.009166666666666667 0.016666666666666666
3 0.19458333333333333 0.8391666666666666 0.009166666666666667 0.018333333333333333
3 0.96625 0.42 0.0075 0.013333333333333334
3 0.010416666666666666 0.18333333333333332 0.0075 0.016666666666666666
3 0.42875 0.42833333333333334 0.004166666666666667 0.006666666666666667
3 0.8325 0.9716666666666667 0.005 0.01
3 0.5345833333333333 0.185 0.004166666666666667 0.01
3 0.006666666666666667 0.925 0.005 0.01
3 0.2629166666666667 0.5666666666666667 0.004166666666666667 0.01
3 0.85 0.3308333333333333 0.0033333333333333335 0.008333333333333333
3 0.505 0.34 0.005 0.01
3 0.125 0.25 0.005 0.01
3 0.6333333333333333 0.605 0.005 0.01
3 0.2629166666666667 0.5883333333333334 0.004166666666666667 0.006666666666666667
3 0.32166666666666666 0.7416666666666667 0.005 0.01
3 0.24333333333333335 0.77 0.005 0.01
3 0.31083333333333335 0.11 0.005 0.01
3 0.04875 0.7891666666666667 0.0075 0.015
3 0.8783333333333333 0.060833333333333336 0.006666666666666667 0.011666666666666667
3 0.995 0.18583333333333332 0.005 0.011666666666666667
3 0.5133333333333333 0.5 0.008333333333333333 0.016666666666666666
3 0.48041666666666666 0.21166666666666667 0.005833333333333334 0.013333333333333334
3 0.20375 0.9741666666666666 0.009166666666666667 0.018333333333333333
3 0.2733333333333333 0.7508333333333334 0.008333333333333333 0.015
3 0.77375 0.8625 0.005833333333333334 0.011666666666666667
3 0.8545833333333334 0.5075 0.005833333333333334 0.011666666666666667
3 0.9025 0.6433333333333333 0.006666666666666667 0.013333333333333334
3 0.8266666666666667 0.43833333333333335 0.006666666666666667 0.013333333333333334
3 0.5208333333333334 0.665 0.006666666666666667 0.013333333333333334
3 0.49416666666666664 0.8841666666666667 0.011666666666666667 0.021666666666666667
3 0.32208333333333333 0.5875 0.0125 0.025
3 0.9891666666666666 0.3491666666666667 0.013333333333333334 0.025
3 0.8625 0.8983333333333333 0.01 0.016666666666666666
3 0.08625 0.4675 0.009166666666666667 0.021666666666666667
3 0.12791666666666668 0.8708333333333333 0.009166666666666667 0.021666666666666667
3 0.8316666666666667 0.6975 0.005 0.008333333333333333
3 0.2075 0.9625 0.005 0.011666666666666667
3 0.22541666666666665 0.06166666666666667 0.005833333333333334 0.013333333333333334
3 0.6333333333333333 0.27166666666666667 0.0033333333333333335 0.006666666666666667
3 0.44458333333333333 0.6175 0.0025 0.005
3 0.10125 0.7641666666666667 0.0025 0.005
3 0.12333333333333334 0.5066666666666667 0.0033333333333333335 0.006666666666666667
3 0.7025 0.285 0.0033333333333333335 0.006666666666666667
3 0.5483333333333333 0.8058333333333333 0.0033333333333333335 0.008333333333333333
3 0.6008333333333333 0.2916666666666667 0.0033333333333333335 0.006666666666666667
3 0.88 0.20083333333333334 0.0033333333333333335 0.008333333333333333
3 0.43666666666666665 0.5058333333333334 0.0033333333333333335 0.008333333333333333
3 0.5158333333333334 0.5058333333333334 0.0033333333333333335 0.005
3 0.043333333333333335 0.9591666666666666 0.0033333333333333335 0.008333333333333333
3 0.17625 0.5841666666666666 0.0075 0.015
3 0.86125 0.2783333333333333 0.005833333333333334 0.013333333333333334
3 0.30041666666666667 0.44 0.005833333333333334 0.013333333333333334
3 0.8966666666666666 0.41583333333333333 0.006666666666666667 0.015
3 0.004583333333333333 0.041666666666666664 0.004166666666666667 0.01
3 0.5975 0.24166666666666667 0.005 0.01
3 0.5708333333333333 0.5025 0.0033333333333333335 0.008333333333333333
3 0.3204166666666667 0.6083333333333333 0.005833333333333334 0.013333333333333334
3 0.54625 0.6641666666666667 0.005833333333333334 0.011666666666666667
3 0.023333333333333334 0.345 0.005 0.01
3 0.5216666666666666 0.9316666666666666 0.005 0.01
3 0.18541666666666667 0.28833333333333333 0.004166666666666667 0.01
3 0.7020833333333333 0.445 0.004166666666666667 0.01
3 0.54625 0.98 0.004166666666666667 0.01
3 0.43166666666666664 0.08833333333333333 0.005 0.01
3 0.78 0.5208333333333334 0.006666666666666667 0.011666666666666667
3 0.6570833333333334 0.765 0.005833333333333334 0.01
3 0.425 0.6141666666666666 0.005 0.011666666666666667
3 0.9670833333333333 0.6658333333333334 0.005833333333333334 0.011666666666666667
3 0.3233333333333333 0.30083333333333334 0.006666666666666667 0.011666666666666667
3 0.315 0.8391666666666666 0.006666666666666667 0.011666666666666667
3 0.9479166666666666 0.9691666666666666 0.0075 0.015
3 0.5820833333333333 0.2841666666666667 0.005833333333333334 0.011666666666666667
3 0.7695833333333333 0.7558333333333334 0.0075 0.015
3 0.8733333333333333 0.8216666666666667 0.01 0.02
3 0.7795833333333333 0.4625 0.009166666666666667 0.018333333333333333
3 0.7329166666666667 0.5616666666666666 0.004166666666666667 0.01
3 0.25375 0.8225 0.005833333333333334 0.011666666666666667
3 0.6829166666666666 0.815 0.005833333333333334 0.01
3 0.88 0.085 0.0033333333333333335 0.01
3 0.39458333333333334 0.545 0.005833333333333334 0.01
3 0.86125 0.3025 0.004166666666666667 0.011666666666666667
3 0.475 0.8658333333333333 0.005 0.011666666666666667
3 0.4554166666666667 0.31833333333333336 0.005833333333333334 0.01
3 0.9495833333333333 0.11083333333333334 0.0075 0.015
3 0.5008333333333334 0.8408333333333333 0.006666666666666667 0.015
3 0.12791666666666668 0.34 0.0075 0.013333333333333334
3 0.43416666666666665 0.71 0.006666666666666667 0.013333333333333334
3 0.14458333333333334 0.5541666666666667 0.005833333333333334 0.011666666666666667
3 0.5425 0.89 0.006666666666666667 0.013333333333333334
3 0.02125 0.2808333333333333 0.005833333333333334 0.011666666666666667
3 0.3616666666666667 0.25166666666666665 0.006666666666666667 0.013333333333333334
3 0.30583333333333335 0.016666666666666666 0.006666666666666667 0.013333333333333334
3 0.018333333333333333 0.7533333333333333 0.006666666666666667 0.013333333333333334
3 0.2425 0.23666666666666666 0.006666666666666667 0.013333333333333334
3 0.31833333333333336 0.935 0.006666666666666667 0.013333333333333334
3 0.43083333333333335 0.33916666666666667 0.006666666666666667 0.015
3 0.9958333333333333 0.8175 0.008333333333333333 0.015
3 0.5525 0.16333333333333333 0.008333333333333333 0.016666666666666666
3 0.08208333333333333 0.1725 0.009166666666666667 0.018333333333333333
3 0.285 0.62 0.008333333333333333 0.016666666666666666
3 0.25333333333333335 0.195 0.008333333333333333 0.016666666666666666
3 0.19333333333333333 0.18666666666666668 0.008333333333333333 0.016666666666666666
3 0.9158333333333334 0.32416666666666666 0.006666666666666667 0.015
3 0.9741666666666666 0.5208333333333334 0.008333333333333333 0.015
3 0.4895833333333333 0.5833333333333334 0.005833333333333334 0.013333333333333334
3 0.49625 0.7066666666666667 0.0075 0.016666666666666666
3 0.22541666666666665 0.4691666666666667 0.005833333333333334 0.011666666666666667
3 0.3145833333333333 0.7825 0.005833333333333334 0.011666666666666667
3 0.8366666666666667 0.7875 0.005 0.011666666666666667
3 0.7104166666666667 0.03333333333333333 0.004166666666666667 0.01
3 0.18541666666666667 0.37833333333333335 0.004166666666666667 0.01
3 0.8133333333333334 0.9341666666666667 0.005 0.008333333333333333
3 0.5766666666666667 0.3466666666666667 0.005 0.01
3 0.6195833333333334 0.19666666666666666 0.004166666666666667 0.006666666666666667
3 0.38083333333333336 0.64 0.005 0.01
3 0.30875 0.7133333333333334 0.004166666666666667 0.006666666666666667
3 0.39125 0.43833333333333335 0.004166666666666667 0.01
3 0.49333333333333335 0.14833333333333334 0.005 0.01
3 0.13083333333333333 0.36916666666666664 0.01 0.021666666666666667
3 0.13666666666666666 0.9575 0.01 0.018333333333333333
3 0.41291666666666665 0.8725 0.010833333333333334 0.021666666666666667
3 0.35083333333333333 0.8691666666666666 0.01 0.021666666666666667
3 0.46208333333333335 0.93 0.009166666666666667 0.016666666666666666
3 0.12666666666666668 0.9541666666666667 0.01 0.021666666666666667
3 0.48291666666666666 0.7825 0.005833333333333334 0.011666666666666667
3 0.7691666666666667 0.9066666666666666 0.006666666666666667 0.013333333333333334
3 0.3308333333333333 0.215 0.006666666666666667 0.013333333333333334
3 0.21458333333333332 0.9341666666666667 0.005833333333333334 0.011666666666666667
3 0.4275 0.008333333333333333 0.006666666666666667 0.013333333333333334
3 0.4141666666666667 0.5366666666666666 0.006666666666666667 0.013333333333333334
3 0.22958333333333333 0.2175 0.0075 0.015
3 0.3283333333333333 0.8483333333333334 0.008333333333333333 0.016666666666666666
3 0.5704166666666667 0.8866666666666667 0.0075 0.013333333333333334
3 0.31625 0.5316666666666666 0.009166666666666667 0.016666666666666666
3 0.6991666666666667 0.7116666666666667 0.01 0.02
3 0.7220833333333333 0.9175 0.009166666666666667 0.018333333333333333
3 0.6545833333333333 0.9591666666666666 0.010833333333333334 0.021666666666666667
3 0.20875 0.57 0.0075 0.013333333333333334
3 0.8229166666666666 0.7858333333333334 0.0075 0.015
3 0.5695833333333333 0.29583333333333334 0.005833333333333334 0.011666666666666667
3 0.4220833333333333 0.4533333333333333 0.0075 0.013333333333333334
3 0.5566666666666666 0.845 0.006666666666666667 0.013333333333333334
3 0.46375 0.17416666666666666 0.0075 0.015
3 0.39375 0.8275 0.0075 0.015
3 0.8095833333333333 0.69 0.0075 0.013333333333333334
