2 0.6166666666666667 0.5733333333333334 0.03166666666666667 0.056666666666666664
2 0.53125 0.3641666666666667 0.025833333333333333 0.065
2 0.4775 0.75 0.028333333333333332 0.06333333333333334
2 0.08958333333333333 0.7408333333333333 0.025833333333333333 0.065
2 0.6829166666666666 0.6333333333333333 0.04583333333333333 0.09333333333333334
2 0.7520833333333333 0.96 0.0425 0.056666666666666664
2 0.34791666666666665 0.7291666666666666 0.0275 0.085
2 0.6829166666666666 0.3466666666666667 0.0475 0.08333333333333333
2 0.6304166666666666 0.041666666666666664 0.04583333333333333 0.07
2 0.5125 0.9166666666666666 0.045 0.06666666666666667
3 0.26166666666666666 0.3575 0.02 0.045
3 0.3725 0.9183333333333333 0.021666666666666667 0.04666666666666667
3 0.79875 0.8325 0.020833333333333332 0.035
3 0.90875 0.89 0.0225 0.04
3 0.42791666666666667 0.7283333333333334 0.010833333333333334 0.023333333333333334
3 0.14041666666666666 0.03666666666666667 0.010833333333333334 0.023333333333333334
3 0.7675 0.6033333333333334 0.015 0.03
3 0.8125 0.46 0.015 0.03
3 0.07291666666666667 0.9516666666666667 0.010833333333333334 0.02
3 0.9675 0.9408333333333333 0.013333333333333334 0.025
3 0.7866666666666666 0.18416666666666667 0.011666666666666667 0.025
3 0.76625 0.33916666666666667 0.009166666666666667 0.018333333333333333
3 0.8266666666666667 0.09416666666666666 0.008333333333333333 0.018333333333333333
3 0.6208333333333333 0.5308333333333334 0.008333333333333333 0.018333333333333333
3 0.12333333333333334 0.30333333333333334 0.008333333333333333 0.013333333333333334
3 0.37916666666666665 0.19583333333333333 0.008333333333333333 0.018333333333333333
3 0.8845833333333334 0.4675 0.009166666666666667 0.018333333333333333
3 0.28125 0.19916666666666666 0.010833333333333334 0.021666666666666667
3 0.35125 0.22916666666666666 0.010833333333333334 0.021666666666666667
3 0.05625 0.6858333333333333 0.010833333333333334 0.021666666666666667
3 0.03791666666666667 0.22 0.0125 0.02666666666666667
3 0.24 0.5508333333333333 0.011666666666666667 0.021666666666666667
3 0.7104166666666667 0.0575 0.009166666666666667 0.021666666666666667
3 0.7195833333333334 0.26166666666666666 0.0125 0.02666666666666667
3 0.8820833333333333 0.19833333333333333 0.010833333333333334 0.023333333333333334
3 0.8033333333333333 0.44916666666666666 0.013333333333333334 0.021666666666666667
3 0.05125 0.7958333333333333 0.014166666666666666 0.025
3 0.5625 0.5858333333333333 0.015 0.025
3 0.33166666666666667 0.65 0.016666666666666666 0.023333333333333334
3 0.53 0.7225 0.016666666666666666 0.025
3 0.3883333333333333 0.765 0.008333333333333333 0.013333333333333334
3 0.9525 0.6216666666666667 0.008333333333333333 0.013333333333333334
3 0.7208333333333333 0.6091666666666666 0.015 0.03166666666666667
3 0.40958333333333335 0.7208333333333333 0.014166666666666666 0.025
3 0.175 0.08833333333333333 0.013333333333333334 0.03
3 0.06166666666666667 0.26916666666666667 0.013333333333333334 0.028333333333333332
3 0.6741666666666667 0.37666666666666665 0.016666666666666666 0.03333333333333333
3 0.47291666666666665 0.24833333333333332 0.0175 0.03666666666666667
3 0.5358333333333334 0.7466666666666667 0.016666666666666666 0.03333333333333333
3 0.28 0.91 0.018333333333333333 0.03666666666666667
3 0.7416666666666667 0.9166666666666666 0.006666666666666667 0.013333333333333334
3 0.9720833333333333 0.7608333333333334 0.0075 0.015
3 0.21375 0.4241666666666667 0.0075 0.015
3 0.245 0.8541666666666666 0.005 0.011666666666666667
3 0.11583333333333333 0.30583333333333335 0.006666666666666667 0.011666666666666667
3 0.07333333333333333 0.8283333333333334 0.01 0.02
3 0.41458333333333336 0.4841666666666667 0.010833333333333334 0.021666666666666667
3 0.90625 0.5258333333333334 0.009166666666666667 0.018333333333333333
3 0.5179166666666667 0.8675 0.010833333333333334 0.021666666666666667
3 0.48833333333333334 0.21583333333333332 0.008333333333333333 0.018333333333333333
3 0.26958333333333334 0.8483333333333334 0.009166666666666667 0.016666666666666666
3 0.41208333333333336 0.3825 0.010833333333333334 0.021666666666666667
3 0.4795833333333333 0.6175 0.010833333333333334 0.021666666666666667
3 0.06708333333333333 0.17666666666666667 0.019166666666666665 0.04
3 0.34375 0.9166666666666666 0.019166666666666665 0.03666666666666667
3 0.9054166666666666 0.4766666666666667 0.0175 0.03333333333333333
3 0.7091666666666666 0.05 0.021666666666666667 0.043333333333333335
3 0.31416666666666665 0.44333333333333336 0.021666666666666667 0.043333333333333335
3 0.3983333333333333 0.10833333333333334 0.021666666666666667 0.043333333333333335
3 0.7370833333333333 0.8483333333333334 0.020833333333333332 0.03666666666666667
3 0.5491666666666667 0.47833333333333333 0.023333333333333334 0.043333333333333335
3 0.83625 0.9208333333333333 0.0125 0.028333333333333332
3 0.09666666666666666 0.2916666666666667 0.011666666666666667 0.02666666666666667
3 0.6070833333333333 0.08166666666666667 0.015833333333333335 0.03333333333333333
3 0.24375 0.6766666666666666 0.009166666666666667 0.02
3 0.37333333333333335 0.6291666666666667 0.01 0.021666666666666667
3 0.17416666666666666 0.475 0.011666666666666667 0.02
3 0.955 0.3016666666666667 0.011666666666666667 0.02
3 0.67 0.18 0.011666666666666667 0.02
3 0.6904166666666667 0.5666666666666667 0.009166666666666667 0.023333333333333334
3 0.31125 0.8566666666666667 0.010833333333333334 0.023333333333333334
3 0.08375 0.08166666666666667 0.015833333333333335 0.03
3 0.19708333333333333 0.62 0.010833333333333334 0.02666666666666667
2 0.8333333333333334 0.43333333333333335 0.021666666666666667 0.04666666666666667
2 0.40875 0.855 0.020833333333333332 0.03666666666666667
2 0.42125 0.15083333333333335 0.020833333333333332 0.045
2 0.11166666666666666 0.9116666666666666 0.023333333333333334 0.04666666666666667
2 0.9829166666666667 0.5883333333333334 0.020833333333333332 0.03666666666666667
3 0.17166666666666666 0.0125 0.008333333333333333 0.015
3 0.7745833333333333 0.38083333333333336 0.009166666666666667 0.018333333333333333
3 0.9454166666666667 0.9758333333333333 0.009166666666666667 0.018333333333333333
3 0.9645833333333333 0.6275 0.0075 0.018333333333333333
3 0.71 0.9008333333333334 0.013333333333333334 0.025
3 0.057916666666666665 0.23833333333333334 0.0125 0.02666666666666667
3 0.92 0.07083333333333333 0.011666666666666667 0.021666666666666667
3 0.8216666666666667 0.8016666666666666 0.01 0.02
3 0.9025 0.8675 0.01 0.018333333333333333
3 0.15833333333333333 0.7475 0.01 0.021666666666666667
3 0.27125 0.6 0.010833333333333334 0.02
3 0.09458333333333334 0.36833333333333335 0.0125 0.03
3 0.6666666666666666 0.035 0.01 0.02666666666666667
3 0.82875 0.8341666666666666 0.014166666666666666 0.021666666666666667
3 0.86875 0.5558333333333333 0.015833333333333335 0.028333333333333332
3 0.6933333333333334 0.4925 0.013333333333333334 0.021666666666666667
3 0.15958333333333333 0.6991666666666667 0.009166666666666667 0.018333333333333333
3 0.46541666666666665 0.30333333333333334 0.009166666666666667 0.016666666666666666
3 0.19041666666666668 0.515 0.0075 0.016666666666666666
3 0.7704166666666666 0.10166666666666667 0.009166666666666667 0.016666666666666666
3 0.10708333333333334 0.18666666666666668 0.0075 0.016666666666666666
3 0.9783333333333334 0.09833333333333333 0.011666666666666667 0.02
3 0.09416666666666666 0.505 0.011666666666666667 0.02
3 0.11291666666666667 0.5833333333333334 0.010833333333333334 0.016666666666666666
3 0.14125 0.8383333333333334 0.009166666666666667 0.023333333333333334
3 0.5320833333333334 0.7541666666666667 0.010833333333333334 0.021666666666666667
3 0.8445833333333334 0.7991666666666667 0.010833333333333334 0.025
3 0.35375 0.7241666666666666 0.0125 0.021666666666666667
3 0.8675 0.7283333333333334 0.011666666666666667 0.016666666666666666
3 0.3883333333333333 0.5375 0.013333333333333334 0.025
3 0.3908333333333333 0.6058333333333333 0.011666666666666667 0.018333333333333333
3 0.8070833333333334 0.7383333333333333 0.009166666666666667 0.023333333333333334
3 0.31875 0.8975 0.0125 0.021666666666666667
3 0.465 0.6933333333333334 0.011666666666666667 0.023333333333333334
3 0.2891666666666667 0.018333333333333333 0.013333333333333334 0.02666666666666667
3 0.55625 0.9125 0.014166666666666666 0.028333333333333332
3 0.2866666666666667 0.5466666666666666 0.013333333333333334 0.02666666666666667
3 0.29375 0.9641666666666666 0.010833333333333334 0.021666666666666667
3 0.6229166666666667 0.10083333333333333 0.010833333333333334 0.021666666666666667
3 0.7866666666666666 0.35 0.006666666666666667 0.016666666666666666
3 0.56875 0.0425 0.009166666666666667 0.018333333333333333
3 0.4195833333333333 0.5625 0.009166666666666667 0.018333333333333333
3 0.3641666666666667 0.24583333333333332 0.008333333333333333 0.018333333333333333
3 0.8466666666666667 0.155 0.008333333333333333 0.013333333333333334
3 0.61625 0.22083333333333333 0.009166666666666667 0.018333333333333333
3 0.9054166666666666 0.08416666666666667 0.009166666666666667 0.018333333333333333
3 0.8229166666666666 0.8375 0.0075 0.018333333333333333
3 0.06208333333333333 0.6508333333333334 0.009166666666666667 0.018333333333333333
3 0.60125 0.6566666666666666 0.0075 0.016666666666666666
3 0.11583333333333333 0.2891666666666667 0.008333333333333333 0.018333333333333333
3 0.08541666666666667 0.2025 0.0075 0.011666666666666667
3 0.71125 0.2791666666666667 0.009166666666666667 0.018333333333333333
3 0.15958333333333333 0.555 0.009166666666666667 0.016666666666666666
3 0.3595833333333333 0.0825 0.0075 0.011666666666666667
3 0.7858333333333334 0.7008333333333333 0.01 0.021666666666666667
3 0.45958333333333334 0.025 0.014166666666666666 0.03
3 0.6066666666666667 0.23 0.015 0.03
3 0.08125 0.05 0.0125 0.023333333333333334
3 0.32625 0.25166666666666665 0.010833333333333334 0.023333333333333334
3 0.007083333333333333 0.2733333333333333 0.0075 0.016666666666666666
3 0.7845833333333333 0.6983333333333334 0.009166666666666667 0.016666666666666666
3 0.60625 0.13 0.010833333333333334 0.023333333333333334
3 0.7575 0.6925 0.011666666666666667 0.025
3 0.645 0.7033333333333334 0.011666666666666667 0.02
3 0.5616666666666666 0.5383333333333333 0.008333333333333333 0.016666666666666666
3 0.06958333333333333 0.8391666666666666 0.010833333333333334 0.021666666666666667
3 0.8208333333333333 0.5366666666666666 0.01 0.02
3 0.3516666666666667 0.79 0.01 0.02
3 0.6145833333333334 0.0275 0.009166666666666667 0.018333333333333333
3 0.5170833333333333 0.05333333333333334 0.0075 0.01
3 0.05541666666666667 0.07083333333333333 0.0075 0.018333333333333333
3 0.765 0.6725 0.008333333333333333 0.018333333333333333
3 0.94625 0.37 0.009166666666666667 0.016666666666666666
3 0.7116666666666667 0.16833333333333333 0.006666666666666667 0.016666666666666666
2 0.9641666666666666 0.2975 0.018333333333333333 0.045
2 0.8920833333333333 0.7983333333333333 0.0225 0.04
2 0.58625 0.5258333333333334 0.0225 0.03166666666666667
2 0.83875 0.7441666666666666 0.0225 0.025
3 0.4295833333333333 0.5691666666666667 0.004166666666666667 0.008333333333333333
3 0.82625 0.7258333333333333 0.004166666666666667 0.008333333333333333
3 0.11625 0.6925 0.004166666666666667 0.008333333333333333
3 0.7691666666666667 0.5016666666666667 0.005 0.01
3 0.47208333333333335 0.20833333333333334 0.004166666666666667 0.01
3 0.47875 0.8891666666666667 0.004166666666666667 0.008333333333333333
3 0.535 0.0033333333333333335 0.0033333333333333335 0.006666666666666667
3 0.24041666666666667 0.075 0.004166666666666667 0.006666666666666667
3 0.87625 0.7858333333333334 0.004166666666666667 0.008333333333333333
3 0.9795833333333334 0.3225 0.004166666666666667 0.008333333333333333
3 0.6795833333333333 0.5491666666666667 0.004166666666666667 0.008333333333333333
3 0.3329166666666667 0.7466666666666667 0.004166666666666667 0.006666666666666667
3 0.045 0.6516666666666666 0.005 0.01
3 0.07583333333333334 0.7466666666666667 0.005 0.01
3 0.26458333333333334 0.645 0.004166666666666667 0.01
3 0.9425 0.7783333333333333 0.005 0.01
3 0.027916666666666666 0.5066666666666667 0.004166666666666667 0.01
3 0.49291666666666667 0.5991666666666666 0.005833333333333334 0.011666666666666667
3 0.1875 0.5516666666666666 0.005 0.01
3 0.10708333333333334 0.33416666666666667 0.005833333333333334 0.011666666666666667
3 0.705 0.18166666666666667 0.006666666666666667 0.013333333333333334
3 0.5 0.955 0.006666666666666667 0.013333333333333334
3 0.62875 0.43083333333333335 0.005833333333333334 0.011666666666666667
3 0.8158333333333333 0.5208333333333334 0.006666666666666667 0.011666666666666667
3 0.23125 0.7625 0.009166666666666667 0.018333333333333333
3 0.7025 0.7083333333333334 0.006666666666666667 0.013333333333333334
3 0.3233333333333333 0.08666666666666667 0.008333333333333333 0.016666666666666666
3 0.12166666666666667 0.26416666666666666 0.006666666666666667 0.011666666666666667
3 0.2425 0.7933333333333333 0.008333333333333333 0.016666666666666666
3 0.09875 0.7075 0.005833333333333334 0.015
3 0.35875 0.8275 0.009166666666666667 0.018333333333333333
3 0.23541666666666666 0.6075 0.009166666666666667 0.018333333333333333
3 0.62375 0.0975 0.0075 0.011666666666666667
3 0.2945833333333333 0.7725 0.009166666666666667 0.018333333333333333
3 0.5266666666666666 0.68 0.005 0.01
3 0.11166666666666666 0.89 0.005 0.01
3 0.4245833333333333 0.6733333333333333 0.004166666666666667 0.01
3 0.9116666666666666 0.15833333333333333 0.005 0.01
3 0.5054166666666666 0.3466666666666667 0.004166666666666667 0.01
3 0.06916666666666667 0.7741666666666667 0.006666666666666667 0.011666666666666667
3 0.43583333333333335 0.6083333333333333 0.006666666666666667 0.013333333333333334
3 0.8191666666666667 0.8683333333333333 0.006666666666666667 0.013333333333333334
3 0.3745833333333333 0.8083333333333333 0.005833333333333334 0.013333333333333334
3 0.33666666666666667 0.05583333333333333 0.01 0.018333333333333333
3 0.8908333333333334 0.9833333333333333 0.01 0.02
3 0.32666666666666666 0.41583333333333333 0.01 0.018333333333333333
3 0.5358333333333334 0.0525 0.008333333333333333 0.015
3 0.25375 0.5558333333333333 0.009166666666666667 0.018333333333333333
3 0.5566666666666666 0.25083333333333335 0.006666666666666667 0.015
3 0.1125 0.8991666666666667 0.008333333333333333 0.018333333333333333
3 0.8191666666666667 0.77 0.008333333333333333 0.016666666666666666
3 0.9225 0.84 0.008333333333333333 0.016666666666666666
3 0.03958333333333333 0.885 0.0075 0.016666666666666666
3 0.07333333333333333 0.9266666666666666 0.005 0.01
3 0.2625 0.2425 0.005 0.008333333333333333
3 0.5133333333333333 0.735 0.005 0.01
3 0.8666666666666667 0.7808333333333334 0.005 0.008333333333333333
3 0.7104166666666667 0.195 0.004166666666666667 0.01
3 0.2175 0.8866666666666667 0.005 0.01
3 0.8408333333333333 0.87 0.005 0.01
3 0.4558333333333333 0.995 0.005 0.01
3 0.21833333333333332 0.8625 0.005 0.008333333333333333
3 0.43375 0.4041666666666667 0.004166666666666667 0.008333333333333333
3 0.58625 0.7425 0.004166666666666667 0.008333333333333333
3 0.3045833333333333 0.355 0.004166666666666667 0.01
3 0.8016666666666666 0.265 0.005 0.01
3 0.5225 0.4425 0.006666666666666667 0.011666666666666667
3 0.6604166666666667 0.5266666666666666 0.005833333333333334 0.013333333333333334
3 0.6979166666666666 0.47583333333333333 0.0075 0.015
3 0.80875 0.6633333333333333 0.0075 0.013333333333333334
3 0.8595833333333334 0.29583333333333334 0.009166666666666667 0.018333333333333333
3 0.3275 0.5316666666666666 0.008333333333333333 0.016666666666666666
3 0.13333333333333333 0.22916666666666666 0.008333333333333333 0.015
3 0.9075 0.505 0.008333333333333333 0.016666666666666666
3 0.10833333333333334 0.7983333333333333 0.006666666666666667 0.013333333333333334
3 0.72 0.42333333333333334 0.006666666666666667 0.013333333333333334
3 0.33416666666666667 0.6516666666666666 0.006666666666666667 0.013333333333333334
3 0.9275 0.39166666666666666 0.006666666666666667 0.013333333333333334
3 0.905 0.24833333333333332 0.006666666666666667 0.013333333333333334
3 0.6008333333333333 0.018333333333333333 0.005 0.01
3 0.00625 0.7608333333333334 0.0125 0.025
3 0.7108333333333333 0.15083333333333335 0.011666666666666667 0.025
3 0.07291666666666667 0.765 0.010833333333333334 0.02
3 0.14541666666666667 0.29833333333333334 0.005833333333333334 0.013333333333333334
3 0.9766666666666667 0.5533333333333333 0.006666666666666667 0.013333333333333334
3 0.5108333333333334 0.31833333333333336 0.006666666666666667 0.013333333333333334
3 0.91375 0.5175 0.005833333333333334 0.011666666666666667
3 0.55375 0.6533333333333333 0.004166666666666667 0.01
3 0.6816666666666666 0.6533333333333333 0.0033333333333333335 0.006666666666666667
3 0.5545833333333333 0.2375 0.0025 0.005
3 0.6916666666666667 0.8283333333333334 0.0033333333333333335 0.006666666666666667
3 0.06375 0.14916666666666667 0.004166666666666667 0.008333333333333333
3 0.38375 0.985 0.004166666666666667 0.006666666666666667
3 0.75625 0.49166666666666664 0.0025 0.006666666666666667
3 0.82125 0.46166666666666667 0.004166666666666667 0.006666666666666667
3 0.5445833333333333 0.25583333333333336 0.004166666666666667 0.008333333333333333
3 0.2520833333333333 0.0033333333333333335 0.004166666666666667 0.006666666666666667
3 0.7983333333333333 0.8225 0.0033333333333333335 0.008333333333333333
3 0.21708333333333332 0.9491666666666667 0.0075 0.015
3 0.30875 0.2225 0.0075 0.015
3 0.88 0.8208333333333333 0.0033333333333333335 0.008333333333333333
3 0.5416666666666666 0.145 0.005 0.01
3 0.6958333333333333 0.31166666666666665 0.005 0.01
3 0.33208333333333334 0.3383333333333333 0.005833333333333334 0.01
3 0.8483333333333334 0.7316666666666667 0.006666666666666667 0.013333333333333334
3 0.23 0.21333333333333335 0.006666666666666667 0.013333333333333334
3 0.35291666666666666 0.15833333333333333 0.004166666666666667 0.01
3 0.7908333333333334 0.8 0.005 0.01
3 0.21458333333333332 0.8566666666666667 0.004166666666666667 0.01
3 0.7258333333333333 0.29 0.005 0.01
3 0.18125 0.9033333333333333 0.004166666666666667 0.006666666666666667
3 0.9341666666666667 0.17 0.005 0.01
3 0.08583333333333333 0.8591666666666666 0.005 0.008333333333333333
3 0.5841666666666666 0.6816666666666666 0.005 0.01
3 0.4583333333333333 0.24583333333333332 0.005 0.011666666666666667
3 0.7533333333333333 0.585 0.006666666666666667 0.013333333333333334
3 0.15333333333333332 0.7375 0.006666666666666667 0.011666666666666667
3 0.2816666666666667 0.4533333333333333 0.006666666666666667 0.013333333333333334
3 0.16416666666666666 0.13833333333333334 0.006666666666666667 0.013333333333333334
3 0.55625 0.31916666666666665 0.0075 0.015
3 0.46625 0.5325 0.0075 0.015
3 0.40291666666666665 0.15166666666666667 0.005833333333333334 0.01
3 0.7566666666666667 0.6733333333333333 0.01 0.02
3 0.8170833333333334 0.9141666666666667 0.009166666666666667 0.018333333333333333
3 0.010416666666666666 0.8408333333333333 0.009166666666666667 0.018333333333333333
3 0.40458333333333335 0.5775 0.009166666666666667 0.018333333333333333
3 0.04875 0.7225 0.010833333333333334 0.021666666666666667
3 0.6504166666666666 0.12916666666666668 0.0075 0.015
3 0.6791666666666667 0.8708333333333333 0.005 0.011666666666666667
3 0.4320833333333333 0.37333333333333335 0.005833333333333334 0.01
3 0.2991666666666667 0.31 0.005 0.006666666666666667
3 0.7641666666666667 0.3358333333333333 0.005 0.011666666666666667
3 0.25375 0.5908333333333333 0.005833333333333334 0.011666666666666667
3 0.07875 0.5125 0.005833333333333334 0.011666666666666667
3 0.30916666666666665 0.9725 0.005 0.011666666666666667
3 0.63375 0.19 0.0075 0.013333333333333334
3 0.7970833333333334 0.4708333333333333 0.0075 0.015
3 0.4841666666666667 0.6658333333333334 0.006666666666666667 0.011666666666666667
3 0.17916666666666667 0.9108333333333334 0.006666666666666667 0.015
3 0.2604166666666667 0.8458333333333333 0.0075 0.015
3 0.8704166666666666 0.44083333333333335 0.0075 0.015
3 0.9125 0.19666666666666666 0.006666666666666667 0.013333333333333334
3 0.995 0.77 0.006666666666666667 0.013333333333333334
3 0.4525 0.98 0.006666666666666667 0.013333333333333334
3 0.4608333333333333 0.5966666666666667 0.006666666666666667 0.013333333333333334
3 0.30416666666666664 0.76 0.006666666666666667 0.013333333333333334
3 0.7995833333333333 0.6758333333333333 0.005833333333333334 0.011666666666666667
3 0.9366666666666666 0.5966666666666667 0.006666666666666667 0.013333333333333334
3 0.5925 0.875 0.006666666666666667 0.013333333333333334
3 0.365 0.11416666666666667 0.008333333333333333 0.015
3 0.06333333333333334 0.775 0.006666666666666667 0.013333333333333334
3 0.725 0.7075 0.006666666666666667 0.011666666666666667
3 0.8666666666666667 0.38666666666666666 0.008333333333333333 0.016666666666666666
3 0.5908333333333333 0.7583333333333333 0.008333333333333333 0.016666666666666666
3 0.20458333333333334 0.6575 0.0075 0.011666666666666667
3 0.6383333333333333 0.86 0.006666666666666667 0.016666666666666666
3 0.16375 0.9675 0.0075 0.011666666666666667
3 0.3075 0.17833333333333334 0.008333333333333333 0.016666666666666666
3 0.7045833333333333 0.0525 0.0075 0.011666666666666667
3 0.44208333333333333 0.11083333333333334 0.005833333333333334 0.011666666666666667
3 0.46541666666666665 0.8025 0.005833333333333334 0.008333333333333333
3 0.3804166666666667 0.335 0.004166666666666667 0.006666666666666667
3 0.7725 0.3983333333333333 0.005 0.01
3 0.5558333333333333 0.7341666666666666 0.0033333333333333335 0.008333333333333333
3 0.5591666666666667 0.8491666666666666 0.005 0.008333333333333333
3 0.5508333333333333 0.6583333333333333 0.01 0.02
3 0.17583333333333334 0.8191666666666667 0.01 0.018333333333333333
3 0.08041666666666666 0.4775 0.010833333333333334 0.021666666666666667
3 0.7329166666666667 0.6216666666666667 0.009166666666666667 0.02
3 0.56875 0.17083333333333334 0.010833333333333334 0.021666666666666667
3 0.855 0.7616666666666667 0.01 0.02
3 0.15333333333333332 0.6466666666666666 0.006666666666666667 0.013333333333333334
3 0.6025 0.05 0.006666666666666667 0.013333333333333334
3 0.00375 0.42916666666666664 0.005833333333333334 0.011666666666666667
3 0.8370833333333333 0.7133333333333334 0.0075 0.013333333333333334
3 0.58125 0.07083333333333333 0.009166666666666667 0.018333333333333333
3 0.9754166666666667 0.345 0.0075 0.013333333333333334
3 0.32083333333333336 0.16 0.008333333333333333 0.016666666666666666
3 0.5958333333333333 0.2875 0.006666666666666667 0.011666666666666667
3 0.51125 0.4116666666666667 0.0075 0.013333333333333334
3 0.47541666666666665 0.41583333333333333 0.009166666666666667 0.018333333333333333
3 0.5104166666666666 0.6875 0.010833333333333334 0.021666666666666667
3 0.5004166666666666 0.7975 0.0075 0.015
3 0.44916666666666666 0.5841666666666666 0.006666666666666667 0.015
3 0.94875 0.4241666666666667 0.0075 0.015
3 0.17458333333333334 0.8416666666666667 0.0075 0.013333333333333334
3 0.42041666666666666 0.8516666666666667 0.0075 0.013333333333333334
3 0.008333333333333333 0.2875 0.006666666666666667 0.015
