2 0.18291666666666667 0.4141666666666667 0.0225 0.065
2 0.2991666666666667 0.019166666666666665 0.03166666666666667 0.03166666666666667
2 0.8633333333333333 0.5175 0.023333333333333334 0.065
2 0.30833333333333335 0.6808333333333333 0.03 0.025
2 0.12875 0.2375 0.030833333333333334 0.03166666666666667
2 0.14291666666666666 0.8716666666666667 0.0325 0.043333333333333335
2 0.4658333333333333 0.8725 0.045 0.095
2 0.5716666666666667 0.9358333333333333 0.04 0.095
2 0.6145833333333334 0.24583333333333332 0.04083333333333333 0.095
2 0.38333333333333336 0.8141666666666667 0.03833333333333333 0.095
2 0.63 0.9025 0.035 0.09166666666666666
2 0.7954166666666667 0.8208333333333333 0.04416666666666667 0.06166666666666667
3 0.6670833333333334 0.7825 0.020833333333333332 0.045
3 0.15166666666666667 0.5316666666666666 0.023333333333333334 0.043333333333333335
3 0.02666666666666667 0.5775 0.018333333333333333 0.041666666666666664
3 0.25375 0.21 0.0125 0.02666666666666667
3 0.41291666666666665 0.22416666666666665 0.014166666666666666 0.028333333333333332
3 0.3725 0.14583333333333334 0.011666666666666667 0.025
3 0.3908333333333333 0.06 0.015 0.03
3 0.9783333333333334 0.6825 0.011666666666666667 0.021666666666666667
3 0.15791666666666668 0.6591666666666667 0.0125 0.021666666666666667
3 0.07041666666666667 0.965 0.0125 0.023333333333333334
3 0.23708333333333334 0.8475 0.005833333333333334 0.015
3 0.6758333333333333 0.6591666666666667 0.008333333333333333 0.018333333333333333
3 0.25625 0.6633333333333333 0.009166666666666667 0.016666666666666666
3 0.7545833333333334 0.5041666666666667 0.0075 0.015
3 0.6358333333333334 0.37166666666666665 0.01 0.02
3 0.9704166666666667 0.44083333333333335 0.0125 0.025
3 0.12916666666666668 0.57 0.011666666666666667 0.02
3 0.1575 0.9241666666666667 0.011666666666666667 0.025
3 0.12125 0.5766666666666667 0.0125 0.02666666666666667
3 0.85375 0.15833333333333333 0.014166666666666666 0.03
3 0.3070833333333333 0.8475 0.015833333333333335 0.03166666666666667
3 0.29125 0.67 0.014166666666666666 0.023333333333333334
3 0.11291666666666667 0.35083333333333333 0.014166666666666666 0.025
3 0.3358333333333333 0.22583333333333333 0.01 0.025
3 0.28791666666666665 0.7491666666666666 0.015833333333333335 0.03166666666666667
3 0.020833333333333332 0.5791666666666667 0.01 0.03166666666666667
3 0.9308333333333333 0.09416666666666666 0.016666666666666666 0.03166666666666667
3 0.5104166666666666 0.7466666666666667 0.015833333333333335 0.03333333333333333
3 0.7533333333333333 0.5666666666666667 0.015 0.016666666666666666
3 0.7083333333333334 0.6091666666666666 0.015 0.035
3 0.46208333333333335 0.4625 0.009166666666666667 0.018333333333333333
3 0.36041666666666666 0.47583333333333333 0.009166666666666667 0.018333333333333333
3 0.4479166666666667 0.7466666666666667 0.015833333333333335 0.03
3 0.23291666666666666 0.3408333333333333 0.015833333333333335 0.03166666666666667
3 0.7979166666666667 0.7608333333333334 0.014166666666666666 0.025
3 0.14666666666666667 0.7225 0.016666666666666666 0.035
3 0.17791666666666667 0.7308333333333333 0.0175 0.035
3 0.6033333333333334 0.5933333333333334 0.018333333333333333 0.03666666666666667
3 0.39625 0.6283333333333333 0.0125 0.02666666666666667
3 0.12291666666666666 0.3283333333333333 0.0175 0.03666666666666667
3 0.3225 0.7525 0.013333333333333334 0.025
3 0.38416666666666666 0.2175 0.006666666666666667 0.015
3 0.4191666666666667 0.16083333333333333 0.006666666666666667 0.011666666666666667
3 0.33625 0.41083333333333333 0.0075 0.015
3 0.9341666666666667 0.3591666666666667 0.006666666666666667 0.011666666666666667
3 0.6725 0.6716666666666666 0.006666666666666667 0.013333333333333334
3 0.64125 0.9225 0.009166666666666667 0.018333333333333333
3 0.5179166666666667 0.7158333333333333 0.009166666666666667 0.018333333333333333
3 0.3545833333333333 0.5008333333333334 0.0075 0.015
3 0.095 0.3883333333333333 0.01 0.02
3 0.24333333333333335 0.4066666666666667 0.01 0.02
3 0.68375 0.4175 0.010833333333333334 0.021666666666666667
3 0.18666666666666668 0.16083333333333333 0.008333333333333333 0.018333333333333333
3 0.010833333333333334 0.08333333333333333 0.008333333333333333 0.016666666666666666
3 0.24958333333333332 0.09916666666666667 0.010833333333333334 0.021666666666666667
3 0.14125 0.75 0.020833333333333332 0.043333333333333335
3 0.18083333333333335 0.07666666666666666 0.021666666666666667 0.043333333333333335
3 0.24166666666666667 0.03333333333333333 0.02666666666666667 0.05333333333333334
3 0.6345833333333334 0.435 0.019166666666666665 0.043333333333333335
3 0.4195833333333333 0.5108333333333334 0.0225 0.04833333333333333
3 0.9175 0.9658333333333333 0.018333333333333333 0.041666666666666664
3 0.09333333333333334 0.4275 0.023333333333333334 0.041666666666666664
3 0.8245833333333333 0.5141666666666667 0.0225 0.04833333333333333
3 0.57 0.7458333333333333 0.016666666666666666 0.03166666666666667
3 0.44 0.2783333333333333 0.016666666666666666 0.03333333333333333
3 0.21708333333333332 0.7191666666666666 0.015833333333333335 0.03166666666666667
3 0.19333333333333333 0.6166666666666667 0.013333333333333334 0.023333333333333334
3 0.67875 0.21666666666666667 0.010833333333333334 0.02
3 0.7979166666666667 0.32083333333333336 0.010833333333333334 0.021666666666666667
3 0.8883333333333333 0.6108333333333333 0.011666666666666667 0.021666666666666667
3 0.68625 0.5591666666666667 0.0075 0.021666666666666667
3 0.15875 0.014166666666666666 0.010833333333333334 0.015
3 0.04708333333333333 0.18333333333333332 0.010833333333333334 0.023333333333333334
3 0.76125 0.20166666666666666 0.014166666666666666 0.023333333333333334
3 0.945 0.74 0.013333333333333334 0.03
3 0.6170833333333333 0.09916666666666667 0.014166666666666666 0.03166666666666667
3 0.27375 0.3308333333333333 0.010833333333333334 0.025
3 0.44625 0.425 0.0125 0.03
2 0.03166666666666667 0.5633333333333334 0.023333333333333334 0.04666666666666667
2 0.37333333333333335 0.5416666666666666 0.015 0.03666666666666667
2 0.465 0.05 0.023333333333333334 0.04666666666666667
3 0.32708333333333334 0.9508333333333333 0.009166666666666667 0.018333333333333333
3 0.08708333333333333 0.37333333333333335 0.009166666666666667 0.016666666666666666
3 0.18083333333333335 0.43583333333333335 0.008333333333333333 0.018333333333333333
3 0.82625 0.6991666666666667 0.009166666666666667 0.015
3 0.4295833333333333 0.32916666666666666 0.015833333333333335 0.03166666666666667
3 0.52 0.5016666666666667 0.015 0.03
3 0.55375 0.30583333333333335 0.015833333333333335 0.03166666666666667
3 0.40625 0.6 0.0125 0.02666666666666667
3 0.22041666666666668 0.285 0.0125 0.02666666666666667
3 0.034166666666666665 0.1575 0.01 0.021666666666666667
3 0.18583333333333332 0.5191666666666667 0.01 0.021666666666666667
3 0.275 0.0375 0.01 0.018333333333333333
3 0.0925 0.7375 0.013333333333333334 0.03166666666666667
3 0.10125 0.13333333333333333 0.015833333333333335 0.03333333333333333
3 0.09291666666666666 0.6016666666666667 0.015833333333333335 0.03333333333333333
3 0.37083333333333335 0.87 0.016666666666666666 0.03333333333333333
3 0.88625 0.8416666666666667 0.014166666666666666 0.023333333333333334
3 0.19625 0.44583333333333336 0.009166666666666667 0.018333333333333333
3 0.4125 0.9616666666666667 0.006666666666666667 0.016666666666666666
3 0.5975 0.42833333333333334 0.008333333333333333 0.013333333333333334
3 0.44208333333333333 0.5991666666666666 0.009166666666666667 0.018333333333333333
3 0.36875 0.035833333333333335 0.009166666666666667 0.018333333333333333
3 0.63125 0.10083333333333333 0.009166666666666667 0.018333333333333333
3 0.89125 0.1175 0.010833333333333334 0.015
3 0.8491666666666666 0.77 0.008333333333333333 0.023333333333333334
3 0.8079166666666666 0.04833333333333333 0.009166666666666667 0.023333333333333334
3 0.645 0.11333333333333333 0.011666666666666667 0.02666666666666667
3 0.39375 0.7233333333333334 0.0125 0.02
3 0.5191666666666667 0.6941666666666667 0.013333333333333334 0.025
3 0.12791666666666668 0.2175 0.0125 0.021666666666666667
3 0.8633333333333333 0.30916666666666665 0.013333333333333334 0.025
3 0.7183333333333334 0.3491666666666667 0.013333333333333334 0.025
3 0.35541666666666666 0.9825 0.010833333333333334 0.021666666666666667
3 0.7604166666666666 0.5041666666666667 0.010833333333333334 0.021666666666666667
3 0.7258333333333333 0.6016666666666667 0.013333333333333334 0.02666666666666667
3 0.15458333333333332 0.12083333333333333 0.0075 0.018333333333333333
3 0.2683333333333333 0.5108333333333334 0.008333333333333333 0.018333333333333333
3 0.9908333333333333 0.35333333333333333 0.006666666666666667 0.016666666666666666
3 0.33208333333333334 0.17333333333333334 0.009166666666666667 0.016666666666666666
3 0.5604166666666667 0.9558333333333333 0.009166666666666667 0.018333333333333333
3 0.12458333333333334 0.8816666666666667 0.0075 0.016666666666666666
3 0.30083333333333334 0.6441666666666667 0.008333333333333333 0.018333333333333333
3 0.23541666666666666 0.4425 0.009166666666666667 0.018333333333333333
3 0.5920833333333333 0.1825 0.005833333333333334 0.015
3 0.44625 0.28583333333333333 0.009166666666666667 0.018333333333333333
3 0.35791666666666666 0.30916666666666665 0.005833333333333334 0.015
3 0.9545833333333333 0.25083333333333335 0.009166666666666667 0.018333333333333333
3 0.08333333333333333 0.17083333333333334 0.006666666666666667 0.015
3 0.33958333333333335 0.5708333333333333 0.009166666666666667 0.018333333333333333
3 0.07 0.355 0.006666666666666667 0.016666666666666666
3 0.004583333333333333 0.5891666666666666 0.009166666666666667 0.018333333333333333
3 0.30541666666666667 0.13666666666666666 0.0075 0.013333333333333334
3 0.17833333333333334 0.9341666666666667 0.013333333333333334 0.025
3 0.42541666666666667 0.09166666666666666 0.010833333333333334 0.02
3 0.6716666666666666 0.185 0.015 0.03
3 0.7341666666666666 0.7716666666666666 0.013333333333333334 0.02666666666666667
3 0.5345833333333333 0.6058333333333333 0.014166666666666666 0.028333333333333332
3 0.78625 0.11833333333333333 0.014166666666666666 0.02666666666666667
3 0.7916666666666666 0.8108333333333333 0.008333333333333333 0.018333333333333333
3 0.15625 0.1125 0.009166666666666667 0.018333333333333333
3 0.6516666666666666 0.605 0.01 0.016666666666666666
3 0.9683333333333334 0.4225 0.011666666666666667 0.025
3 0.7045833333333333 0.6 0.0125 0.02666666666666667
3 0.89625 0.48833333333333334 0.0125 0.02666666666666667
3 0.0325 0.6008333333333333 0.013333333333333334 0.025
3 0.5416666666666666 0.5883333333333334 0.01 0.02
3 0.5879166666666666 0.3875 0.010833333333333334 0.021666666666666667
3 0.21916666666666668 0.5216666666666666 0.008333333333333333 0.016666666666666666
3 0.4170833333333333 0.30083333333333334 0.009166666666666667 0.018333333333333333
3 0.44958333333333333 0.2025 0.010833333333333334 0.021666666666666667
3 0.6329166666666667 0.055 0.009166666666666667 0.016666666666666666
3 0.7604166666666666 0.48583333333333334 0.0075 0.018333333333333333
2 0.1125 0.20583333333333334 0.021666666666666667 0.021666666666666667
2 0.7816666666666666 0.7233333333333334 0.021666666666666667 0.04
2 0.76375 0.6608333333333334 0.020833333333333332 0.041666666666666664
2 0.47875 0.9541666666666667 0.0225 0.03166666666666667
3 0.7229166666666667 0.9525 0.004166666666666667 0.008333333333333333
3 0.04625 0.8283333333333334 0.004166666666666667 0.006666666666666667
3 0.7570833333333333 0.14333333333333334 0.004166666666666667 0.006666666666666667
3 0.49625 0.07333333333333333 0.004166666666666667 0.01
3 0.8675 0.07166666666666667 0.005 0.01
3 0.7204166666666667 0.35583333333333333 0.004166666666666667 0.008333333333333333
3 0.52375 0.7625 0.004166666666666667 0.008333333333333333
3 0.3575 0.9066666666666666 0.0033333333333333335 0.006666666666666667
3 0.01 0.03166666666666667 0.0033333333333333335 0.006666666666666667
3 0.36583333333333334 0.6866666666666666 0.005 0.01
3 0.12125 0.7266666666666667 0.004166666666666667 0.01
3 0.23458333333333334 0.3641666666666667 0.005833333333333334 0.011666666666666667
3 0.9720833333333333 0.8208333333333333 0.005833333333333334 0.011666666666666667
3 0.11083333333333334 0.535 0.006666666666666667 0.013333333333333334
3 0.5045833333333334 0.4058333333333333 0.005833333333333334 0.011666666666666667
3 0.3304166666666667 0.7583333333333333 0.005833333333333334 0.01
3 0.9725 0.9366666666666666 0.006666666666666667 0.013333333333333334
3 0.07458333333333333 0.8025 0.009166666666666667 0.018333333333333333
3 0.2825 0.8783333333333333 0.008333333333333333 0.016666666666666666
3 0.7970833333333334 0.5541666666666667 0.009166666666666667 0.018333333333333333
3 0.08458333333333333 0.21166666666666667 0.009166666666666667 0.016666666666666666
3 0.8433333333333334 0.7458333333333333 0.006666666666666667 0.015
3 0.15875 0.45416666666666666 0.005833333333333334 0.015
3 0.07875 0.36916666666666664 0.009166666666666667 0.018333333333333333
3 0.4575 0.8933333333333333 0.005 0.01
3 0.9175 0.39 0.005 0.01
3 0.65 0.84 0.005 0.01
3 0.5854166666666667 0.47833333333333333 0.005833333333333334 0.01
3 0.26958333333333334 0.855 0.005833333333333334 0.013333333333333334
3 0.9933333333333333 0.019166666666666665 0.01 0.018333333333333333
3 0.6075 0.4716666666666667 0.01 0.02
3 0.8629166666666667 0.4083333333333333 0.0075 0.013333333333333334
3 0.11291666666666667 0.11166666666666666 0.009166666666666667 0.016666666666666666
3 0.855 0.985 0.008333333333333333 0.016666666666666666
3 0.5770833333333333 0.09 0.0075 0.016666666666666666
3 0.7370833333333333 0.24666666666666667 0.009166666666666667 0.016666666666666666
3 0.3516666666666667 0.365 0.005 0.01
3 0.8458333333333333 0.735 0.005 0.01
3 0.2704166666666667 0.7533333333333333 0.004166666666666667 0.01
3 0.46 0.005833333333333334 0.005 0.008333333333333333
3 0.056666666666666664 0.19833333333333333 0.005 0.01
3 0.5333333333333333 0.76 0.005 0.01
3 0.9329166666666666 0.5491666666666667 0.004166666666666667 0.008333333333333333
3 0.1 0.6016666666666667 0.005 0.01
3 0.45666666666666667 0.0625 0.005 0.008333333333333333
3 0.024166666666666666 0.5075 0.005 0.008333333333333333
3 0.9816666666666667 0.6316666666666667 0.005 0.01
3 0.7675 0.9925 0.005 0.008333333333333333
3 0.09583333333333334 0.0075 0.006666666666666667 0.011666666666666667
3 0.4345833333333333 0.4716666666666667 0.0075 0.013333333333333334
3 0.06125 0.9591666666666666 0.0075 0.015
3 0.6958333333333333 0.37083333333333335 0.008333333333333333 0.018333333333333333
3 0.71375 0.2175 0.009166666666666667 0.018333333333333333
3 0.29875 0.7516666666666667 0.0075 0.013333333333333334
3 0.5741666666666667 0.31333333333333335 0.008333333333333333 0.016666666666666666
3 0.6258333333333334 0.4925 0.008333333333333333 0.015
3 0.042916666666666665 0.4075 0.009166666666666667 0.018333333333333333
3 0.49083333333333334 0.6633333333333333 0.006666666666666667 0.013333333333333334
3 0.3475 0.6133333333333333 0.005 0.01
3 0.4216666666666667 0.5033333333333333 0.006666666666666667 0.013333333333333334
3 0.7183333333333334 0.9566666666666667 0.006666666666666667 0.013333333333333334
3 0.13458333333333333 0.2758333333333333 0.005833333333333334 0.011666666666666667
3 0.565 0.065 0.01 0.016666666666666666
3 0.67875 0.5633333333333334 0.0125 0.023333333333333334
3 0.8170833333333334 0.5833333333333334 0.0125 0.02666666666666667
3 0.485 0.41083333333333333 0.01 0.021666666666666667
3 0.36541666666666667 0.11083333333333334 0.0125 0.025
3 0.3670833333333333 0.6925 0.010833333333333334 0.025
3 0.27791666666666665 0.9891666666666666 0.005833333333333334 0.011666666666666667
3 0.785 0.8958333333333334 0.006666666666666667 0.011666666666666667
3 0.18833333333333332 0.7333333333333333 0.0033333333333333335 0.006666666666666667
3 0.97875 0.4425 0.0025 0.005
3 0.32416666666666666 0.6875 0.0033333333333333335 0.008333333333333333
3 0.6516666666666666 0.5591666666666667 0.0033333333333333335 0.008333333333333333
3 0.4033333333333333 0.8525 0.0033333333333333335 0.008333333333333333
3 0.19416666666666665 0.7675 0.0033333333333333335 0.008333333333333333
3 0.8879166666666667 0.375 0.004166666666666667 0.006666666666666667
3 0.7208333333333333 0.9908333333333333 0.0033333333333333335 0.008333333333333333
3 0.11291666666666667 0.9716666666666667 0.0025 0.006666666666666667
3 0.45166666666666666 0.79 0.0033333333333333335 0.006666666666666667
3 0.6704166666666667 0.4558333333333333 0.004166666666666667 0.008333333333333333
3 0.69 0.5358333333333334 0.0033333333333333335 0.008333333333333333
3 0.14416666666666667 0.8683333333333333 0.006666666666666667 0.013333333333333334
3 0.455 0.08333333333333333 0.006666666666666667 0.013333333333333334
3 0.4504166666666667 0.6333333333333333 0.0075 0.013333333333333334
3 0.5995833333333334 0.5291666666666667 0.0075 0.015
3 0.14291666666666666 0.47 0.005833333333333334 0.013333333333333334
3 0.5958333333333333 0.8191666666666667 0.005 0.011666666666666667
3 0.895 0.6175 0.0033333333333333335 0.008333333333333333
3 0.3233333333333333 0.4083333333333333 0.005 0.01
3 0.04 0.03666666666666667 0.005 0.01
3 0.7358333333333333 0.2841666666666667 0.005 0.008333333333333333
3 0.8625 0.6066666666666667 0.006666666666666667 0.013333333333333334
3 0.8858333333333334 0.9633333333333334 0.006666666666666667 0.013333333333333334
3 0.18041666666666667 0.2733333333333333 0.005833333333333334 0.013333333333333334
3 0.9958333333333333 0.9908333333333333 0.006666666666666667 0.011666666666666667
3 0.9516666666666667 0.5633333333333334 0.006666666666666667 0.013333333333333334
3 0.9616666666666667 0.8983333333333333 0.005 0.01
3 0.20916666666666667 0.5291666666666667 0.005 0.008333333333333333
3 0.37041666666666667 0.9833333333333333 0.004166666666666667 0.01
3 0.8 0.225 0.005 0.01
3 0.8008333333333333 0.6483333333333333 0.005 0.01
3 0.585 0.315 0.005 0.01
3 0.205 0.38916666666666666 0.005 0.008333333333333333
3 0.5783333333333334 0.05416666666666667 0.006666666666666667 0.011666666666666667
3 0.5308333333333334 0.9233333333333333 0.006666666666666667 0.013333333333333334
3 0.4225 0.06333333333333334 0.006666666666666667 0.013333333333333334
3 0.96875 0.31333333333333335 0.005833333333333334 0.013333333333333334
3 0.47875 0.5508333333333333 0.005833333333333334 0.011666666666666667
3 0.06041666666666667 0.6916666666666667 0.0075 0.013333333333333334
3 0.31708333333333333 0.475 0.005833333333333334 0.01
3 0.42875 0.04416666666666667 0.009166666666666667 0.018333333333333333
3 0.37125 0.10416666666666667 0.009166666666666667 0.018333333333333333
3 0.7083333333333334 0.14333333333333334 0.01 0.02
3 0.36041666666666666 0.9808333333333333 0.005833333333333334 0.011666666666666667
3 0.8770833333333333 0.3425 0.005833333333333334 0.011666666666666667
3 0.4354166666666667 0.8708333333333333 0.004166666666666667 0.011666666666666667
3 0.5445833333333333 0.26 0.005833333333333334 0.01
3 0.8733333333333333 0.6683333333333333 0.005 0.006666666666666667
3 0.93625 0.4475 0.005833333333333334 0.011666666666666667
3 0.6670833333333334 0.17583333333333334 0.005833333333333334 0.008333333333333333
3 0.4675 0.10583333333333333 0.005 0.011666666666666667
3 0.14333333333333334 0.9575 0.005 0.011666666666666667
3 0.3929166666666667 0.1575 0.005833333333333334 0.011666666666666667
3 0.26125 0.6675 0.005833333333333334 0.011666666666666667
3 0.3516666666666667 0.4691666666666667 0.006666666666666667 0.011666666666666667
3 0.6745833333333333 0.15083333333333335 0.0075 0.015
3 0.8108333333333333 0.5016666666666667 0.006666666666666667 0.013333333333333334
3 0.58875 0.6408333333333334 0.005833333333333334 0.011666666666666667
3 0.92 0.22833333333333333 0.006666666666666667 0.013333333333333334
3 0.8370833333333333 0.7591666666666667 0.005833333333333334 0.011666666666666667
3 0.2475 0.955 0.006666666666666667 0.013333333333333334
3 0.9866666666666667 0.30333333333333334 0.006666666666666667 0.013333333333333334
3 0.48083333333333333 0.7316666666666667 0.006666666666666667 0.013333333333333334
3 0.43416666666666665 0.605 0.006666666666666667 0.013333333333333334
3 0.23958333333333334 0.7166666666666667 0.0075 0.016666666666666666
3 0.034166666666666665 0.5858333333333333 0.008333333333333333 0.015
3 0.23458333333333334 0.5783333333333334 0.009166666666666667 0.016666666666666666
3 0.65875 0.6566666666666666 0.0075 0.013333333333333334
3 0.9291666666666667 0.435 0.008333333333333333 0.016666666666666666
3 0.9433333333333334 0.7 0.008333333333333333 0.016666666666666666
3 0.48333333333333334 0.8891666666666667 0.008333333333333333 0.015
3 0.9004166666666666 0.73 0.0075 0.013333333333333334
3 0.43166666666666664 0.5683333333333334 0.008333333333333333 0.016666666666666666
3 0.54125 0.8566666666666667 0.005833333333333334 0.01
3 0.48291666666666666 0.5666666666666667 0.005833333333333334 0.01
3 0.9095833333333333 0.7608333333333334 0.005833333333333334 0.011666666666666667
3 0.012916666666666667 0.35583333333333333 0.005833333333333334 0.011666666666666667
3 0.8654166666666666 0.76 0.004166666666666667 0.01
3 0.955 0.4191666666666667 0.005 0.008333333333333333
3 0.2554166666666667 0.08166666666666667 0.009166666666666667 0.016666666666666666
3 0.7916666666666666 0.6333333333333333 0.01 0.02
3 0.48583333333333334 0.7875 0.01 0.021666666666666667
3 0.5525 0.7383333333333333 0.006666666666666667 0.013333333333333334
3 0.9933333333333333 0.8533333333333334 0.006666666666666667 0.013333333333333334
3 0.08083333333333333 0.11 0.006666666666666667 0.013333333333333334
3 0.8075 0.9066666666666666 0.006666666666666667 0.013333333333333334
3 0.8766666666666667 0.645 0.005 0.01
3 0.020833333333333332 0.9033333333333333 0.008333333333333333 0.016666666666666666
3 0.8079166666666666 0.8008333333333333 0.009166666666666667 0.018333333333333333
3 0.37916666666666665 0.9691666666666666 0.008333333333333333 0.015
3 0.6745833333333333 0.11166666666666666 0.005833333333333334 0.013333333333333334
3 0.8891666666666667 0.7808333333333334 0.006666666666666667 0.015
3 0.1875 0.12083333333333333 0.006666666666666667 0.011666666666666667
3 0.03208333333333333 0.2325 0.010833333333333334 0.021666666666666667
3 0.7370833333333333 0.07083333333333333 0.010833333333333334 0.021666666666666667
3 0.34541666666666665 0.2925 0.009166666666666667 0.018333333333333333
3 0.235 0.75 0.01 0.02
3 0.7429166666666667 0.04583333333333333 0.005833333333333334 0.011666666666666667
3 0.5770833333333333 0.24916666666666668 0.005833333333333334 0.011666666666666667
3 0.6045833333333334 0.9925 0.0075 0.015
3 0.8070833333333334 0.06416666666666666 0.0075 0.015
3 0.48583333333333334 0.7191666666666666 0.005 0.011666666666666667
3 0.04541666666666667 0.8908333333333334 0.0075 0.015
3 0.5566666666666666 0.3883333333333333 0.006666666666666667 0.013333333333333334
3 0.95125 0.5075 0.0075 0.015
