2 0.8116666666666666 0.6933333333333334 0.018333333333333333 0.06333333333333334
2 0.045 0.5391666666666667 0.023333333333333334 0.065
2 0.4170833333333333 0.9241666666666667 0.030833333333333334 0.058333333333333334
2 0.9058333333333334 0.1525 0.03 0.025
2 0.5904166666666667 0.40166666666666667 0.030833333333333334 0.06
2 0.9725 0.14583333333333334 0.035 0.09166666666666666
2 0.5066666666666667 0.9191666666666667 0.045 0.095
3 0.33 0.6583333333333333 0.023333333333333334 0.04666666666666667
3 0.5033333333333333 0.875 0.023333333333333334 0.04666666666666667
3 0.5733333333333334 0.7316666666666667 0.023333333333333334 0.04666666666666667
3 0.14916666666666667 0.6275 0.02 0.035
3 0.35333333333333333 0.315 0.023333333333333334 0.04666666666666667
3 0.052083333333333336 0.8075 0.0225 0.041666666666666664
3 0.20833333333333334 0.5425 0.011666666666666667 0.021666666666666667
3 0.8433333333333334 0.5875 0.013333333333333334 0.025
3 0.5575 0.15333333333333332 0.013333333333333334 0.02666666666666667
3 0.4295833333333333 0.9558333333333333 0.0125 0.025
3 0.9829166666666667 0.7866666666666666 0.010833333333333334 0.023333333333333334
3 0.6954166666666667 0.6708333333333333 0.0125 0.025
3 0.7104166666666667 0.7191666666666666 0.0125 0.025
3 0.24 0.685 0.011666666666666667 0.02
3 0.07416666666666667 0.5091666666666667 0.013333333333333334 0.025
3 0.29 0.8591666666666666 0.011666666666666667 0.025
3 0.44416666666666665 0.059166666666666666 0.008333333333333333 0.018333333333333333
3 0.9645833333333333 0.42583333333333334 0.009166666666666667 0.018333333333333333
3 0.47291666666666665 0.4558333333333333 0.0075 0.018333333333333333
3 0.1225 0.9216666666666666 0.006666666666666667 0.016666666666666666
3 0.9720833333333333 0.4025 0.010833333333333334 0.021666666666666667
3 0.87375 0.2841666666666667 0.0075 0.015
3 0.21791666666666668 0.0575 0.010833333333333334 0.021666666666666667
3 0.9933333333333333 0.91 0.008333333333333333 0.016666666666666666
3 0.6716666666666666 0.6016666666666667 0.01 0.02
3 0.1625 0.36333333333333334 0.01 0.016666666666666666
3 0.06291666666666666 0.13416666666666666 0.010833333333333334 0.025
3 0.08541666666666667 0.6175 0.010833333333333334 0.018333333333333333
3 0.5954166666666667 0.8941666666666667 0.014166666666666666 0.03166666666666667
3 0.6233333333333333 0.051666666666666666 0.013333333333333334 0.03
3 0.021666666666666667 0.018333333333333333 0.011666666666666667 0.02666666666666667
3 0.8208333333333333 0.42083333333333334 0.016666666666666666 0.03166666666666667
3 0.42291666666666666 0.5875 0.0175 0.028333333333333332
3 0.32458333333333333 0.2475 0.009166666666666667 0.015
3 0.5520833333333334 0.2991666666666667 0.0075 0.011666666666666667
3 0.005416666666666667 0.9691666666666666 0.0075 0.018333333333333333
3 0.07083333333333333 0.3075 0.015 0.028333333333333332
3 0.31125 0.91 0.015833333333333335 0.03
3 0.51 0.13666666666666666 0.016666666666666666 0.03333333333333333
3 0.4345833333333333 0.9841666666666666 0.015833333333333335 0.03166666666666667
3 0.9916666666666667 0.6875 0.006666666666666667 0.015
3 0.4220833333333333 0.18916666666666668 0.0075 0.015
3 0.9658333333333333 0.9766666666666667 0.006666666666666667 0.013333333333333334
3 0.93625 0.09416666666666666 0.0075 0.015
3 0.5720833333333334 0.31583333333333335 0.009166666666666667 0.018333333333333333
3 0.5970833333333333 0.5525 0.010833333333333334 0.021666666666666667
3 0.18083333333333335 0.38 0.01 0.02
3 0.9229166666666667 0.23916666666666667 0.010833333333333334 0.021666666666666667
3 0.6195833333333334 0.4033333333333333 0.0075 0.016666666666666666
3 0.8704166666666666 0.045 0.009166666666666667 0.016666666666666666
3 0.5775 0.5508333333333333 0.008333333333333333 0.018333333333333333
3 0.35291666666666666 0.43166666666666664 0.015833333333333335 0.03333333333333333
3 0.12583333333333332 0.19333333333333333 0.02 0.04
3 0.09 0.9408333333333333 0.018333333333333333 0.035
3 0.13791666666666666 0.5466666666666666 0.015833333333333335 0.03333333333333333
3 0.33666666666666667 0.08416666666666667 0.02 0.035
3 0.25833333333333336 0.7958333333333333 0.02 0.045
3 0.19333333333333333 0.15916666666666668 0.02666666666666667 0.051666666666666666
3 0.15875 0.42 0.024166666666666666 0.043333333333333335
3 0.23291666666666666 0.6533333333333333 0.020833333333333332 0.03666666666666667
3 0.8391666666666666 0.5116666666666667 0.021666666666666667 0.04666666666666667
3 0.9079166666666667 0.41833333333333333 0.015833333333333335 0.03333333333333333
3 0.84125 0.3625 0.014166666666666666 0.025
3 0.86 0.9416666666666667 0.011666666666666667 0.02666666666666667
3 0.022083333333333333 0.06 0.009166666666666667 0.02
3 0.022916666666666665 0.9691666666666666 0.010833333333333334 0.021666666666666667
3 0.0925 0.7608333333333334 0.008333333333333333 0.018333333333333333
3 0.5008333333333334 0.10083333333333333 0.01 0.018333333333333333
3 0.5004166666666666 0.25833333333333336 0.010833333333333334 0.02
3 0.36125 0.13 0.010833333333333334 0.02
3 0.6320833333333333 0.37666666666666665 0.010833333333333334 0.013333333333333334
3 0.8241666666666667 0.8108333333333333 0.011666666666666667 0.021666666666666667
3 0.77125 0.8916666666666667 0.010833333333333334 0.023333333333333334
3 0.37958333333333333 0.2633333333333333 0.010833333333333334 0.023333333333333334
3 0.445 0.17166666666666666 0.013333333333333334 0.023333333333333334
3 0.13333333333333333 0.8108333333333333 0.013333333333333334 0.021666666666666667
3 0.18291666666666667 0.285 0.015833333333333335 0.03
3 0.3670833333333333 0.8358333333333333 0.015833333333333335 0.03166666666666667
3 0.8604166666666667 0.08416666666666667 0.015833333333333335 0.028333333333333332
2 0.3675 0.6233333333333333 0.023333333333333334 0.04666666666666667
2 0.6166666666666667 0.915 0.021666666666666667 0.04666666666666667
2 0.35583333333333333 0.5491666666666667 0.016666666666666666 0.03833333333333333
3 0.86375 0.6975 0.009166666666666667 0.018333333333333333
3 0.6608333333333334 0.3675 0.008333333333333333 0.018333333333333333
3 0.85625 0.16416666666666666 0.009166666666666667 0.015
3 0.8579166666666667 0.6366666666666667 0.014166666666666666 0.03
3 0.29041666666666666 0.6116666666666667 0.0125 0.023333333333333334
3 0.8791666666666667 0.27166666666666667 0.015 0.03
3 0.45708333333333334 0.32 0.009166666666666667 0.016666666666666666
3 0.13125 0.5158333333333334 0.010833333333333334 0.021666666666666667
3 0.55375 0.25416666666666665 0.010833333333333334 0.021666666666666667
3 0.69375 0.07416666666666667 0.010833333333333334 0.021666666666666667
3 0.10333333333333333 0.8308333333333333 0.01 0.021666666666666667
3 0.5366666666666666 0.87 0.01 0.02
3 0.035 0.4216666666666667 0.015 0.03333333333333333
3 0.7141666666666666 0.38083333333333336 0.016666666666666666 0.03166666666666667
3 0.5008333333333334 0.7525 0.008333333333333333 0.015
3 0.5641666666666667 0.7233333333333334 0.006666666666666667 0.016666666666666666
3 0.00625 0.1325 0.009166666666666667 0.018333333333333333
3 0.955 0.895 0.01 0.023333333333333334
3 0.2841666666666667 0.5375 0.01 0.011666666666666667
3 0.47333333333333333 0.8241666666666667 0.006666666666666667 0.021666666666666667
3 0.60875 0.41083333333333333 0.0075 0.021666666666666667
3 0.7325 0.7983333333333333 0.011666666666666667 0.016666666666666666
3 0.9883333333333333 0.85 0.013333333333333334 0.02666666666666667
3 0.12791666666666668 0.15416666666666667 0.0075 0.021666666666666667
3 0.8645833333333334 0.6041666666666666 0.0075 0.021666666666666667
3 0.44416666666666665 0.1975 0.011666666666666667 0.018333333333333333
3 0.035416666666666666 0.4508333333333333 0.0125 0.021666666666666667
3 0.81375 0.22916666666666666 0.0075 0.021666666666666667
3 0.7108333333333333 0.016666666666666666 0.013333333333333334 0.023333333333333334
3 0.6408333333333334 0.27166666666666667 0.011666666666666667 0.023333333333333334
3 0.6695833333333333 0.17916666666666667 0.014166666666666666 0.028333333333333332
3 0.18166666666666667 0.03916666666666667 0.008333333333333333 0.018333333333333333
3 0.35125 0.24416666666666667 0.009166666666666667 0.018333333333333333
3 0.35791666666666666 0.7608333333333334 0.009166666666666667 0.018333333333333333
3 0.28375 0.3775 0.0075 0.018333333333333333
3 0.22125 0.7091666666666666 0.009166666666666667 0.018333333333333333
3 0.16166666666666665 0.32083333333333336 0.008333333333333333 0.018333333333333333
3 0.42041666666666666 0.3858333333333333 0.0075 0.018333333333333333
3 0.58375 0.6708333333333333 0.005833333333333334 0.015
3 0.67625 0.2708333333333333 0.009166666666666667 0.018333333333333333
3 0.96875 0.6675 0.009166666666666667 0.018333333333333333
3 0.9925 0.55 0.006666666666666667 0.016666666666666666
3 0.04833333333333333 0.5866666666666667 0.006666666666666667 0.016666666666666666
3 0.8691666666666666 0.9225 0.011666666666666667 0.021666666666666667
3 0.8275 0.9491666666666667 0.011666666666666667 0.021666666666666667
3 0.8216666666666667 0.3825 0.011666666666666667 0.025
3 0.044583333333333336 0.5791666666666667 0.0075 0.011666666666666667
3 0.24541666666666667 0.1575 0.009166666666666667 0.018333333333333333
3 0.87 0.2783333333333333 0.01 0.016666666666666666
3 0.23333333333333334 0.5491666666666667 0.013333333333333334 0.025
3 0.6816666666666666 0.21583333333333332 0.011666666666666667 0.021666666666666667
3 0.6495833333333333 0.3575 0.009166666666666667 0.018333333333333333
3 0.18875 0.7508333333333334 0.010833333333333334 0.021666666666666667
3 0.8491666666666666 0.27 0.01 0.02
3 0.8566666666666667 0.6566666666666666 0.01 0.02
3 0.6820833333333334 0.7958333333333333 0.010833333333333334 0.021666666666666667
3 0.18625 0.4141666666666667 0.010833333333333334 0.021666666666666667
3 0.16875 0.19333333333333333 0.0075 0.016666666666666666
3 0.7529166666666667 0.8825 0.009166666666666667 0.018333333333333333
3 0.18666666666666668 0.4091666666666667 0.005 0.015
3 0.32166666666666666 0.6791666666666667 0.005 0.015
3 0.0125 0.3225 0.008333333333333333 0.018333333333333333
3 0.3591666666666667 0.1725 0.008333333333333333 0.015
2 0.27208333333333334 0.3975 0.020833333333333332 0.018333333333333333
2 0.8895833333333333 0.7633333333333333 0.0225 0.03666666666666667
3 0.54125 0.049166666666666664 0.004166666666666667 0.008333333333333333
3 0.37625 0.9325 0.004166666666666667 0.008333333333333333
3 0.03 0.6008333333333333 0.005 0.008333333333333333
3 0.16166666666666665 0.04416666666666667 0.0033333333333333335 0.008333333333333333
3 0.62 0.03833333333333333 0.005 0.01
3 0.39125 0.64 0.004166666666666667 0.01
3 0.7195833333333334 0.9816666666666667 0.004166666666666667 0.006666666666666667
3 0.88375 0.11416666666666667 0.004166666666666667 0.008333333333333333
3 0.5370833333333334 0.2708333333333333 0.004166666666666667 0.008333333333333333
3 0.32875 0.4841666666666667 0.004166666666666667 0.008333333333333333
3 0.44583333333333336 0.9191666666666667 0.0033333333333333335 0.008333333333333333
3 0.4791666666666667 0.9733333333333334 0.0033333333333333335 0.006666666666666667
3 0.31166666666666665 0.9775 0.005 0.008333333333333333
3 0.5325 0.685 0.005 0.01
3 0.23666666666666666 0.25 0.005 0.01
3 0.31583333333333335 0.9125 0.0033333333333333335 0.008333333333333333
3 0.7620833333333333 0.32166666666666666 0.004166666666666667 0.01
3 0.53 0.225 0.006666666666666667 0.013333333333333334
3 0.8633333333333333 0.04833333333333333 0.006666666666666667 0.013333333333333334
3 0.25125 0.9558333333333333 0.005833333333333334 0.011666666666666667
3 0.9475 0.9016666666666666 0.006666666666666667 0.013333333333333334
3 0.4320833333333333 0.5308333333333334 0.005833333333333334 0.011666666666666667
3 0.7641666666666667 0.665 0.006666666666666667 0.013333333333333334
3 0.10083333333333333 0.225 0.006666666666666667 0.013333333333333334
3 0.9195833333333333 0.885 0.005833333333333334 0.01
3 0.7645833333333333 0.7516666666666667 0.005833333333333334 0.013333333333333334
3 0.2841666666666667 0.5025 0.005 0.011666666666666667
3 0.9195833333333333 0.18583333333333332 0.005833333333333334 0.011666666666666667
3 0.4875 0.21166666666666667 0.008333333333333333 0.016666666666666666
3 0.7591666666666667 0.9175 0.006666666666666667 0.011666666666666667
3 0.9733333333333334 0.06166666666666667 0.008333333333333333 0.016666666666666666
3 0.6945833333333333 0.08333333333333333 0.005833333333333334 0.013333333333333334
3 0.8529166666666667 0.47 0.0075 0.016666666666666666
3 0.03666666666666667 0.6166666666666667 0.006666666666666667 0.016666666666666666
3 0.30625 0.018333333333333333 0.0075 0.013333333333333334
3 0.92125 0.48583333333333334 0.009166666666666667 0.018333333333333333
3 0.83375 0.9875 0.009166666666666667 0.018333333333333333
3 0.10208333333333333 0.0125 0.009166666666666667 0.018333333333333333
3 0.3120833333333333 0.095 0.004166666666666667 0.01
3 0.3466666666666667 0.8008333333333333 0.005 0.008333333333333333
3 0.8816666666666667 0.8066666666666666 0.005 0.01
3 0.65 0.8241666666666667 0.005 0.008333333333333333
3 0.8641666666666666 0.35583333333333333 0.005 0.008333333333333333
3 0.6920833333333334 0.8041666666666667 0.005833333333333334 0.011666666666666667
3 0.7670833333333333 0.31666666666666665 0.009166666666666667 0.016666666666666666
3 0.3175 0.5966666666666667 0.008333333333333333 0.016666666666666666
3 0.6645833333333333 0.15333333333333332 0.009166666666666667 0.02
3 0.6979166666666666 0.695 0.009166666666666667 0.02
3 0.47125 0.7458333333333333 0.009166666666666667 0.018333333333333333
3 0.865 0.20583333333333334 0.008333333333333333 0.015
3 0.3491666666666667 0.36333333333333334 0.008333333333333333 0.016666666666666666
3 0.11625 0.7816666666666666 0.0075 0.016666666666666666
3 0.5525 0.08333333333333333 0.005 0.01
3 0.7525 0.6191666666666666 0.0033333333333333335 0.008333333333333333
3 0.049166666666666664 0.6991666666666667 0.005 0.008333333333333333
3 0.3491666666666667 0.07916666666666666 0.0033333333333333335 0.008333333333333333
3 0.23166666666666666 0.75 0.005 0.01
3 0.85 0.28833333333333333 0.005 0.01
3 0.23708333333333334 0.7125 0.004166666666666667 0.008333333333333333
3 0.6025 0.059166666666666666 0.005 0.008333333333333333
3 0.9533333333333334 0.8066666666666666 0.005 0.01
3 0.041666666666666664 0.4116666666666667 0.005 0.01
3 0.37083333333333335 0.675 0.005 0.01
3 0.015833333333333335 0.2 0.005 0.01
3 0.8466666666666667 0.07666666666666666 0.005 0.01
3 0.8666666666666667 0.295 0.005 0.01
3 0.8058333333333333 0.9158333333333334 0.005 0.011666666666666667
3 0.9929166666666667 0.9883333333333333 0.005833333333333334 0.01
3 0.45208333333333334 0.6233333333333333 0.005833333333333334 0.01
3 0.96375 0.9075 0.0075 0.015
3 0.017916666666666668 0.7325 0.0075 0.015
3 0.9645833333333333 0.5391666666666667 0.009166666666666667 0.018333333333333333
3 0.9920833333333333 0.21666666666666667 0.0075 0.016666666666666666
3 0.44208333333333333 0.4225 0.009166666666666667 0.018333333333333333
3 0.2891666666666667 0.6416666666666667 0.008333333333333333 0.016666666666666666
3 0.19166666666666668 0.3441666666666667 0.008333333333333333 0.018333333333333333
3 0.8983333333333333 0.9783333333333334 0.006666666666666667 0.013333333333333334
3 0.4041666666666667 0.22333333333333333 0.006666666666666667 0.013333333333333334
3 0.21916666666666668 0.15166666666666667 0.006666666666666667 0.013333333333333334
3 0.9225 0.595 0.006666666666666667 0.013333333333333334
3 0.060833333333333336 0.2775 0.011666666666666667 0.025
3 0.46541666666666665 0.9066666666666666 0.0125 0.02666666666666667
3 0.47875 0.49333333333333335 0.0125 0.023333333333333334
3 0.3025 0.3525 0.01 0.021666666666666667
3 0.9 0.11916666666666667 0.011666666666666667 0.025
3 0.3358333333333333 0.1725 0.011666666666666667 0.025
3 0.74 0.86 0.006666666666666667 0.013333333333333334
3 0.7425 0.16833333333333333 0.006666666666666667 0.013333333333333334
3 0.22583333333333333 0.10833333333333334 0.006666666666666667 0.013333333333333334
3 0.6716666666666666 0.8533333333333334 0.0033333333333333335 0.006666666666666667
3 0.8491666666666666 0.92 0.0033333333333333335 0.006666666666666667
3 0.2875 0.5433333333333333 0.0033333333333333335 0.006666666666666667
3 0.42875 0.3258333333333333 0.0025 0.005
3 0.66375 0.3325 0.0025 0.005
3 0.93 0.4766666666666667 0.0033333333333333335 0.006666666666666667
3 0.4295833333333333 0.6275 0.004166666666666667 0.008333333333333333
3 0.5070833333333333 0.1775 0.004166666666666667 0.008333333333333333
3 0.4175 0.13416666666666666 0.0033333333333333335 0.008333333333333333
3 0.10125 0.0475 0.004166666666666667 0.008333333333333333
3 0.7579166666666667 0.6808333333333333 0.004166666666666667 0.008333333333333333
3 0.6904166666666667 0.6708333333333333 0.004166666666666667 0.008333333333333333
3 0.0625 0.3458333333333333 0.0033333333333333335 0.008333333333333333
3 0.44708333333333333 0.2525 0.0075 0.015
3 0.28291666666666665 0.975 0.0075 0.013333333333333334
3 0.30291666666666667 0.9775 0.0075 0.015
3 0.05291666666666667 0.36583333333333334 0.0075 0.015
3 0.9329166666666666 0.8075 0.0075 0.015
3 0.21916666666666668 0.84 0.005 0.01
3 0.5775 0.7066666666666667 0.005 0.01
3 0.82375 0.82 0.004166666666666667 0.01
3 0.9904166666666666 0.6891666666666667 0.005833333333333334 0.011666666666666667
3 0.6029166666666667 0.0475 0.005833333333333334 0.011666666666666667
3 0.0475 0.8283333333333334 0.005 0.01
3 0.88 0.37166666666666665 0.005 0.01
3 0.46791666666666665 0.005 0.005833333333333334 0.01
3 0.6679166666666667 0.6816666666666666 0.005833333333333334 0.013333333333333334
3 0.3016666666666667 0.5258333333333334 0.006666666666666667 0.011666666666666667
3 0.7079166666666666 0.6491666666666667 0.005833333333333334 0.011666666666666667
3 0.8508333333333333 0.6975 0.005 0.011666666666666667
3 0.5154166666666666 0.2125 0.0075 0.015
3 0.99125 0.6158333333333333 0.0075 0.015
3 0.9691666666666666 0.3475 0.006666666666666667 0.015
3 0.9375 0.6483333333333333 0.01 0.02
3 0.7408333333333333 0.5183333333333333 0.01 0.02
3 0.68375 0.014166666666666666 0.010833333333333334 0.021666666666666667
3 0.57875 0.0325 0.004166666666666667 0.011666666666666667
3 0.5170833333333333 0.049166666666666664 0.005833333333333334 0.011666666666666667
3 0.18041666666666667 0.5108333333333334 0.005833333333333334 0.011666666666666667
3 0.91875 0.145 0.004166666666666667 0.01
3 0.22708333333333333 0.16083333333333333 0.004166666666666667 0.011666666666666667
3 0.6979166666666666 0.8633333333333333 0.004166666666666667 0.01
3 0.27958333333333335 0.5525 0.005833333333333334 0.011666666666666667
3 0.9020833333333333 0.9308333333333333 0.005833333333333334 0.008333333333333333
3 0.4170833333333333 0.7625 0.005833333333333334 0.008333333333333333
3 0.13208333333333333 0.8158333333333333 0.005833333333333334 0.011666666666666667
3 0.7833333333333333 0.6791666666666667 0.005 0.011666666666666667
3 0.26875 0.12416666666666666 0.005833333333333334 0.011666666666666667
3 0.6258333333333334 0.4666666666666667 0.006666666666666667 0.013333333333333334
3 0.6354166666666666 0.31916666666666665 0.0075 0.015
3 0.3204166666666667 0.8408333333333333 0.005833333333333334 0.011666666666666667
3 0.7829166666666667 0.43083333333333335 0.005833333333333334 0.011666666666666667
3 0.83875 0.10916666666666666 0.005833333333333334 0.011666666666666667
3 0.10833333333333334 0.2 0.006666666666666667 0.013333333333333334
3 0.64375 0.8308333333333333 0.005833333333333334 0.011666666666666667
3 0.7666666666666667 0.39 0.006666666666666667 0.013333333333333334
3 0.5241666666666667 0.14666666666666667 0.005 0.01
3 0.685 0.5333333333333333 0.006666666666666667 0.013333333333333334
3 0.8066666666666666 0.07333333333333333 0.006666666666666667 0.013333333333333334
3 0.1825 0.5016666666666667 0.006666666666666667 0.013333333333333334
3 0.53375 0.05333333333333334 0.009166666666666667 0.016666666666666666
3 0.02 0.3516666666666667 0.008333333333333333 0.016666666666666666
3 0.30791666666666667 0.39416666666666667 0.0075 0.015
3 0.09916666666666667 0.03333333333333333 0.008333333333333333 0.016666666666666666
3 0.5458333333333333 0.34 0.005 0.013333333333333334
3 0.46541666666666665 0.8908333333333334 0.0075 0.011666666666666667
3 0.9295833333333333 0.7475 0.0075 0.011666666666666667
3 0.042083333333333334 0.65 0.0075 0.016666666666666666
3 0.7916666666666666 0.96 0.0033333333333333335 0.01
3 0.70625 0.2733333333333333 0.005833333333333334 0.01
3 0.50125 0.25416666666666665 0.005833333333333334 0.008333333333333333
3 0.07541666666666667 0.7341666666666666 0.004166666666666667 0.011666666666666667
3 0.4225 0.06416666666666666 0.005 0.011666666666666667
3 0.6908333333333333 0.435 0.005 0.01
3 0.9366666666666666 0.2925 0.0033333333333333335 0.008333333333333333
3 0.81875 0.8883333333333333 0.004166666666666667 0.006666666666666667
3 0.34041666666666665 0.6483333333333333 0.004166666666666667 0.01
3 0.12 0.8366666666666667 0.005 0.01
3 0.315 0.39666666666666667 0.005 0.01
3 0.26208333333333333 0.9825 0.010833333333333334 0.021666666666666667
3 0.11458333333333333 0.5925 0.010833333333333334 0.021666666666666667
3 0.7825 0.25 0.01 0.02
3 0.6483333333333333 0.8558333333333333 0.01 0.018333333333333333
3 0.5675 0.11666666666666667 0.006666666666666667 0.013333333333333334
3 0.7983333333333333 0.9466666666666667 0.006666666666666667 0.013333333333333334
3 0.8325 0.3 0.006666666666666667 0.013333333333333334
3 0.66875 0.2125 0.005833333333333334 0.011666666666666667
3 0.14541666666666667 0.9433333333333334 0.0075 0.016666666666666666
3 0.8483333333333334 0.5925 0.008333333333333333 0.018333333333333333
3 0.72375 0.6358333333333334 0.010833333333333334 0.021666666666666667
3 0.255 0.31666666666666665 0.008333333333333333 0.016666666666666666
3 0.25958333333333333 0.9525 0.010833333333333334 0.021666666666666667
3 0.41041666666666665 0.7941666666666667 0.0075 0.015
3 0.4504166666666667 0.9508333333333333 0.0075 0.015
3 0.24125 0.25083333333333335 0.0075 0.015
3 0.21875 0.4925 0.0075 0.015
3 0.21458333333333332 0.5458333333333333 0.0075 0.015
3 0.30375 0.3625 0.005833333333333334 0.011666666666666667
3 0.98125 0.8608333333333333 0.0075 0.015
3 0.25708333333333333 0.54 0.005833333333333334 0.01
