2 0.02 0.4766666666666667 0.0275 0.028333333333333332
2 0.481875 0.27791666666666665 0.02625 0.014166666666666666
2 0.111875 0.07541666666666667 0.02 0.0375
2 0.733125 0.6520833333333333 0.03375 0.025833333333333333
2 0.883125 0.75375 0.035 0.0425
2 0.059375 0.94875 0.0325 0.04583333333333333
2 0.28 0.07458333333333333 0.01875 0.04416666666666667
2 0.785625 0.6304166666666666 0.0275 0.0475
2 0.050625 0.02625 0.02875 0.0475
2 0.725625 0.61375 0.03 0.049166666666666664
2 0.619375 0.12375 0.02625 0.050833333333333335
2 0.3784375 0.06166666666666667 0.036875 0.04
2 0.2109375 0.44875 0.035625 0.0425
2 0.57375 0.7516666666666667 0.02375 0.051666666666666666
2 0.909375 0.5979166666666667 0.04125 0.04583333333333333
2 0.069375 0.027083333333333334 0.0375 0.05416666666666667
2 0.5090625 0.15041666666666667 0.036875 0.05416666666666667
2 0.5090625 0.13833333333333334 0.038125 0.05333333333333334
2 0.021875 0.0975 0.04125 0.04
2 0.065 0.31833333333333336 0.0475 0.04833333333333333
2 0.3015625 0.6504166666666666 0.048125 0.049166666666666664
2 0.9646875 0.17541666666666667 0.050625 0.060833333333333336
2 0.2959375 0.8179166666666666 0.040625 0.06583333333333333
2 0.180625 0.3204166666666667 0.04625 0.0675
2 0.588125 0.20583333333333334 0.04 0.06333333333333334
2 0.921875 0.8566666666666667 0.04 0.06333333333333334
2 0.0653125 0.05333333333333334 0.026875 0.03833333333333333
2 0.224375 0.9116666666666666 0.02875 0.02
2 0.098125 0.21041666666666667 0.03 0.030833333333333334
2 0.465 0.5320833333333334 0.02875 0.020833333333333332
