2 0.5540625 0.32 0.010625 0.035
2 0.4215625 0.20583333333333334 0.023125 0.03666666666666667
2 0.4109375 0.50375 0.028125 0.024166666666666666
2 0.8728125 0.5129166666666667 0.024375 0.035833333333333335
2 0.68 0.7245833333333334 0.035 0.0425
2 0.0196875 0.37083333333333335 0.033125 0.023333333333333334
2 0.358125 0.6625 0.025 0.04666666666666667
2 0.6525 0.9570833333333333 0.0275 0.0475
2 0.7409375 0.24625 0.033125 0.04583333333333333
2 0.398125 0.29 0.035 0.03333333333333333
2 0.33875 0.125 0.03875 0.025
2 0.3665625 0.7475 0.036875 0.04
2 0.5840625 0.24458333333333335 0.033125 0.04583333333333333
2 0.7146875 0.15666666666666668 0.034375 0.045
2 0.4071875 0.12416666666666666 0.035625 0.055
2 0.4165625 0.82125 0.039375 0.0325
2 0.4915625 0.9508333333333333 0.038125 0.05333333333333334
2 0.8578125 0.12375 0.050625 0.059166666666666666
2 0.88625 0.8470833333333333 0.035 0.0625
2 0.685625 0.7729166666666667 0.04625 0.0675
2 0.9575 0.5204166666666666 0.0475 0.0475
2 0.7684375 0.7054166666666667 0.048125 0.049166666666666664
2 0.06125 0.57375 0.0475 0.0525
2 0.954375 0.5825 0.04375 0.06166666666666667
2 0.9184375 0.9258333333333333 0.043125 0.03
2 0.1225 0.65 0.0375 0.06333333333333334
2 0.855 0.34291666666666665 0.0275 0.0375
2 0.360625 0.38166666666666665 0.03 0.025
2 0.8753125 0.23083333333333333 0.029375 0.021666666666666667
2 0.67 0.8608333333333333 0.02375 0.04
2 0.4896875 0.46 0.026875 0.03833333333333333
