2 0.1940625 0.43375 0.015625 0.0375
2 0.1175 0.19416666666666665 0.0275 0.03
2 0.029375 0.3566666666666667 0.0275 0.028333333333333332
2 0.1925 0.63125 0.02375 0.035833333333333335
2 0.45375 0.5295833333333333 0.01875 0.0375
2 0.8184375 0.6479166666666667 0.018125 0.0375
2 0.5315625 0.5145833333333333 0.029375 0.0475
2 0.2809375 0.7379166666666667 0.029375 0.0475
2 0.3925 0.49041666666666667 0.03375 0.04416666666666667
2 0.0946875 0.5858333333333333 0.034375 0.03
2 0.719375 0.195 0.025 0.04666666666666667
2 0.4275 0.5733333333333334 0.035 0.03333333333333333
2 0.650625 0.9554166666666667 0.0275 0.050833333333333335
2 0.1628125 0.13 0.038125 0.018333333333333333
2 0.6384375 0.90625 0.038125 0.019166666666666665
2 0.1171875 0.24958333333333332 0.036875 0.04083333333333333
2 0.6075 0.5325 0.015 0.051666666666666666
2 0.926875 0.15708333333333332 0.0375 0.0275
2 0.551875 0.5345833333333333 0.04125 0.0425
2 0.4634375 0.7570833333333333 0.040625 0.035833333333333335
2 0.9240625 0.6608333333333334 0.035625 0.055
2 0.0865625 0.6383333333333333 0.043125 0.03833333333333333
2 0.4640625 0.14708333333333334 0.045625 0.0675
2 0.5278125 0.20416666666666666 0.038125 0.06333333333333334
2 0.7696875 0.44958333333333333 0.041875 0.0625
2 0.97 0.445 0.02875 0.021666666666666667
2 0.9734375 0.86625 0.028125 0.0175
2 0.4328125 0.25333333333333335 0.028125 0.03666666666666667
