2 0.2215625 0.53 0.024375 0.035
2 0.6271875 0.5175 0.023125 0.03666666666666667
2 0.6565625 0.08 0.031875 0.04666666666666667
2 0.765625 0.5975 0.02 0.045
2 0.7203125 0.07541666666666667 0.028125 0.0475
2 0.490625 0.8758333333333334 0.03875 0.03333333333333333
2 0.1221875 0.4716666666666667 0.023125 0.051666666666666666
2 0.0846875 0.7320833333333333 0.014375 0.050833333333333335
2 0.075625 0.86375 0.0375 0.0275
2 0.748125 0.7079166666666666 0.025 0.0525
2 0.4103125 0.19541666666666666 0.049375 0.06583333333333333
2 0.0821875 0.7745833333333333 0.044375 0.04083333333333333
2 0.069375 0.6858333333333333 0.04125 0.06666666666666667
2 0.2153125 0.59 0.043125 0.06666666666666667
2 0.926875 0.5479166666666667 0.05 0.0575
2 0.3184375 0.8929166666666667 0.049375 0.05416666666666667
2 0.805625 0.10916666666666666 0.02125 0.056666666666666664
2 0.7953125 0.5829166666666666 0.041875 0.0625
2 0.0615625 0.12125 0.025625 0.059166666666666666
2 0.085625 0.6066666666666667 0.0475 0.05
2 0.2121875 0.7529166666666667 0.029375 0.0325
2 0.5203125 0.3754166666666667 0.028125 0.0375
2 0.0871875 0.3175 0.029375 0.03333333333333333
2 0.3653125 0.8929166666666667 0.028125 0.0175
2 0.5025 0.18083333333333335 0.03 0.02666666666666667
2 0.543125 0.50625 0.0175 0.03916666666666667
