2 0.9153125 0.44 0.014375 0.03666666666666667
2 0.2365625 0.9504166666666667 0.028125 0.025833333333333333
2 0.706875 0.027083333333333334 0.0325 0.04583333333333333
2 0.3859375 0.96 0.035625 0.03833333333333333
2 0.1471875 0.12666666666666668 0.035625 0.03666666666666667
2 0.336875 0.04041666666666666 0.03 0.049166666666666664
2 0.9596875 0.47041666666666665 0.011875 0.050833333333333335
2 0.3875 0.07708333333333334 0.0375 0.03916666666666667
2 0.67125 0.2725 0.03875 0.05333333333333334
2 0.34625 0.71375 0.0375 0.0275
2 0.908125 0.17416666666666666 0.03875 0.05333333333333334
2 0.745 0.535 0.04 0.051666666666666666
2 0.6621875 0.49625 0.040625 0.0375
2 0.0296875 0.11208333333333333 0.028125 0.0575
2 0.2734375 0.6770833333333334 0.030625 0.059166666666666666
2 0.1715625 0.6433333333333333 0.050625 0.06333333333333334
2 0.2665625 0.49625 0.050625 0.059166666666666666
2 0.1228125 0.08083333333333333 0.039375 0.06333333333333334
2 0.7246875 0.10666666666666667 0.039375 0.06333333333333334
2 0.505 0.255 0.04375 0.06166666666666667
2 0.8540625 0.6020833333333333 0.028125 0.0175
2 0.965 0.14958333333333335 0.02875 0.035833333333333335
