2 0.790625 0.30583333333333335 0.04875 0.06833333333333333
2 0.3025 0.41 0.05375 0.07
2 0.045625 0.20166666666666666 0.04875 0.06
2 0.0584375 0.42333333333333334 0.053125 0.07166666666666667
3 0.4696875 0.9154166666666667 0.013125 0.015833333333333335
3 0.3571875 0.28958333333333336 0.011875 0.0175
3 0.4665625 0.36583333333333334 0.013125 0.015
3 0.161875 0.22583333333333333 0.01125 0.015
3 0.860625 0.5241666666666667 0.00875 0.013333333333333334
3 0.7559375 0.7533333333333333 0.014375 0.018333333333333333
3 0.713125 0.54625 0.01375 0.019166666666666665
3 0.8434375 0.34833333333333333 0.014375 0.018333333333333333
3 0.654375 0.18333333333333332 0.01375 0.016666666666666666
3 0.035 0.7283333333333334 0.01375 0.016666666666666666
3 0.3321875 0.2625 0.015625 0.021666666666666667
3 0.31375 0.6016666666666667 0.015 0.021666666666666667
3 0.9409375 0.72875 0.014375 0.020833333333333332
3 0.600625 0.1175 0.0075 0.01
3 0.541875 0.6945833333333333 0.0075 0.009166666666666667
3 0.496875 0.68625 0.005 0.0075
3 0.1990625 0.77375 0.006875 0.009166666666666667
3 0.59625 0.8191666666666667 0.00625 0.008333333333333333
3 0.4025 0.8020833333333334 0.00625 0.009166666666666667
3 0.23125 0.6995833333333333 0.0125 0.015833333333333335
3 0.0921875 0.28 0.010625 0.013333333333333334
3 0.1375 0.9654166666666667 0.01125 0.014166666666666666
3 0.145 0.46958333333333335 0.00875 0.0125
3 0.8146875 0.54875 0.011875 0.015833333333333335
3 0.7278125 0.435 0.010625 0.013333333333333334
3 0.16375 0.15666666666666668 0.01125 0.015
3 0.305625 0.16166666666666665 0.01125 0.015
3 0.0325 0.22083333333333333 0.01125 0.015
3 0.1309375 0.31666666666666665 0.009375 0.013333333333333334
3 0.11125 0.40958333333333335 0.015 0.020833333333333332
3 0.315 0.42875 0.01125 0.014166666666666666
3 0.57625 0.17625 0.01125 0.015833333333333335
3 0.961875 0.18291666666666667 0.0125 0.015833333333333335
3 0.90125 0.2375 0.015 0.02
3 0.384375 0.0225 0.01 0.013333333333333334
3 0.3465625 0.7704166666666666 0.011875 0.015833333333333335
3 0.456875 0.5225 0.0125 0.016666666666666666
3 0.3725 0.3175 0.01 0.013333333333333334
4 0.17375 0.14875 0.0275 0.034166666666666665
4 0.3771875 0.9820833333333333 0.024375 0.035833333333333335
4 0.949375 0.6745833333333333 0.0275 0.035833333333333335
4 0.0134375 0.51 0.019375 0.03166666666666667
4 0.253125 0.9066666666666666 0.02625 0.03666666666666667
2 0.47 0.5479166666666667 0.04125 0.03916666666666667
2 0.86 0.6083333333333333 0.04125 0.03
2 0.5915625 0.3358333333333333 0.011875 0.043333333333333335
2 0.2321875 0.4066666666666667 0.033125 0.023333333333333334
2 0.681875 0.2629166666666667 0.025 0.0425
2 0.025625 0.8095833333333333 0.03 0.0375
2 0.6265625 0.7075 0.031875 0.013333333333333334
3 0.015625 0.16708333333333333 0.01 0.010833333333333334
3 0.6815625 0.20541666666666666 0.011875 0.015833333333333335
3 0.3421875 0.1 0.009375 0.011666666666666667
3 0.43875 0.20541666666666666 0.00875 0.010833333333333334
3 0.140625 0.49416666666666664 0.01 0.013333333333333334
3 0.8340625 0.8054166666666667 0.010625 0.0125
3 0.0959375 0.4741666666666667 0.011875 0.016666666666666666
3 0.6665625 0.28625 0.010625 0.0125
3 0.900625 0.5295833333333333 0.00625 0.009166666666666667
3 0.7296875 0.8579166666666667 0.008125 0.010833333333333334
3 0.1315625 0.28708333333333336 0.008125 0.010833333333333334
3 0.53125 0.8333333333333334 0.01 0.013333333333333334
3 0.279375 0.17291666666666666 0.00875 0.010833333333333334
2 0.159375 0.6754166666666667 0.00875 0.0175
2 0.0828125 0.29375 0.014375 0.014166666666666666
2 0.319375 0.6466666666666666 0.015 0.02
2 0.01 0.3333333333333333 0.01125 0.02
2 0.8321875 0.8975 0.009375 0.018333333333333333
3 0.545 0.06291666666666666 0.01 0.0125
3 0.584375 0.35333333333333333 0.01 0.013333333333333334
3 0.986875 0.24583333333333332 0.01 0.013333333333333334
3 0.6475 0.9916666666666667 0.01 0.013333333333333334
3 0.5571875 0.6933333333333334 0.006875 0.01
3 0.7896875 0.38958333333333334 0.009375 0.0125
3 0.3703125 0.9895833333333334 0.006875 0.009166666666666667
3 0.9046875 0.8120833333333334 0.005625 0.0075
3 0.3146875 0.45625 0.006875 0.009166666666666667
3 0.6603125 0.6279166666666667 0.006875 0.009166666666666667
3 0.7834375 0.49625 0.008125 0.010833333333333334
3 0.1284375 0.30875 0.005625 0.0075
3 0.6253125 0.20458333333333334 0.008125 0.010833333333333334
3 0.9240625 0.21541666666666667 0.010625 0.014166666666666666
3 0.2978125 0.7654166666666666 0.010625 0.014166666666666666
3 0.8075 0.25666666666666665 0.01 0.013333333333333334
3 0.3775 0.14166666666666666 0.01 0.013333333333333334
3 0.0084375 0.6241666666666666 0.006875 0.01
3 0.2428125 0.38666666666666666 0.009375 0.013333333333333334
3 0.53125 0.87625 0.0075 0.010833333333333334
3 0.655 0.3154166666666667 0.00875 0.010833333333333334
2 0.765625 0.5041666666666667 0.01875 0.03666666666666667
2 0.3228125 0.7175 0.026875 0.015
2 0.4790625 0.955 0.026875 0.028333333333333332
2 0.4609375 0.3779166666666667 0.026875 0.0275
2 0.864375 0.7604166666666666 0.02625 0.0125
3 0.818125 0.6833333333333333 0.01125 0.013333333333333334
3 0.66125 0.11541666666666667 0.01125 0.015833333333333335
3 0.77875 0.19125 0.01 0.014166666666666666
3 0.3365625 0.20583333333333334 0.009375 0.013333333333333334
3 0.4303125 0.8320833333333333 0.010625 0.014166666666666666
3 0.6109375 0.03833333333333333 0.010625 0.013333333333333334
3 0.193125 0.5229166666666667 0.01 0.014166666666666666
3 0.418125 0.8075 0.015 0.021666666666666667
3 0.89375 0.12791666666666668 0.01625 0.020833333333333332
3 0.54 0.16333333333333333 0.015 0.021666666666666667
3 0.11375 0.21166666666666667 0.01375 0.013333333333333334
2 0.27 0.13416666666666666 0.02125 0.025
2 0.79 0.6108333333333333 0.0275 0.03666666666666667
3 0.4584375 0.39416666666666667 0.013125 0.016666666666666666
3 0.91625 0.050833333333333335 0.01375 0.018333333333333333
3 0.514375 0.19708333333333333 0.01375 0.019166666666666665
3 0.3803125 0.8716666666666667 0.013125 0.018333333333333333
3 0.59875 0.6541666666666667 0.01 0.015
3 0.28375 0.6033333333333334 0.01 0.015
4 0.9203125 0.15791666666666668 0.028125 0.0225
4 0.585 0.17166666666666666 0.02125 0.03833333333333333
4 0.348125 0.9270833333333334 0.0175 0.0375
4 0.5634375 0.70625 0.014375 0.035833333333333335
4 0.251875 0.07541666666666667 0.01625 0.0375
4 0.725 0.21916666666666668 0.025 0.025
4 0.333125 0.3983333333333333 0.025 0.03
4 0.384375 0.31125 0.02 0.034166666666666665
4 0.09 0.49875 0.02125 0.034166666666666665
3 0.59625 0.04125 0.0075 0.009166666666666667
3 0.575 0.07166666666666667 0.01 0.013333333333333334
3 0.4296875 0.3804166666666667 0.008125 0.009166666666666667
3 0.7975 0.5054166666666666 0.00875 0.010833333333333334
3 0.708125 0.7625 0.00625 0.01
3 0.79125 0.5370833333333334 0.00875 0.010833333333333334
3 0.2096875 0.9725 0.008125 0.01
3 0.136875 0.7845833333333333 0.00875 0.010833333333333334
3 0.3840625 0.40875 0.006875 0.010833333333333334
3 0.6459375 0.5316666666666666 0.008125 0.011666666666666667
3 0.1053125 0.5025 0.008125 0.011666666666666667
3 0.7071875 0.18916666666666668 0.008125 0.011666666666666667
3 0.636875 0.04416666666666667 0.00875 0.011666666666666667
3 0.4040625 0.33458333333333334 0.008125 0.009166666666666667
3 0.4028125 0.8254166666666667 0.006875 0.010833333333333334
3 0.295 0.5704166666666667 0.0075 0.010833333333333334
3 0.95 0.14541666666666667 0.0075 0.010833333333333334
3 0.63125 0.5908333333333333 0.0075 0.008333333333333333
4 0.23375 0.5966666666666667 0.02 0.021666666666666667
4 0.049375 0.575 0.02 0.028333333333333332
4 0.95 0.30083333333333334 0.02125 0.02666666666666667
4 0.2134375 0.7441666666666666 0.020625 0.028333333333333332
4 0.94875 0.18125 0.02 0.0225
3 0.685625 0.975 0.00875 0.011666666666666667
3 0.86125 0.22541666666666665 0.00875 0.0125
3 0.3984375 0.9358333333333333 0.009375 0.011666666666666667
3 0.5246875 0.48333333333333334 0.013125 0.018333333333333333
3 0.2303125 0.11 0.013125 0.018333333333333333
3 0.8346875 0.23125 0.008125 0.0125
3 0.8075 0.6020833333333333 0.01 0.0125
3 0.5871875 0.0275 0.009375 0.011666666666666667
3 0.9046875 0.31583333333333335 0.009375 0.011666666666666667
3 0.463125 0.9470833333333334 0.01 0.0125
3 0.081875 0.925 0.0075 0.011666666666666667
3 0.4934375 0.055 0.006875 0.01
3 0.1628125 0.31916666666666665 0.006875 0.008333333333333333
3 0.925625 0.6516666666666666 0.0075 0.01
3 0.2375 0.9145833333333333 0.005 0.0075
3 0.478125 0.5141666666666667 0.0075 0.01
3 0.37875 0.0725 0.00625 0.008333333333333333
3 0.01 0.7483333333333333 0.00625 0.008333333333333333
3 0.3121875 0.46875 0.008125 0.010833333333333334
3 0.2109375 0.050416666666666665 0.008125 0.010833333333333334
3 0.4634375 0.9220833333333334 0.006875 0.009166666666666667
3 0.211875 0.44916666666666666 0.0075 0.01
3 0.876875 0.5833333333333334 0.0075 0.01
3 0.4959375 0.022916666666666665 0.008125 0.0125
3 0.1675 0.16958333333333334 0.00875 0.0125
3 0.80375 0.34791666666666665 0.00875 0.0125
3 0.2084375 0.5145833333333333 0.006875 0.010833333333333334
3 0.31375 0.018333333333333333 0.00625 0.008333333333333333
3 0.7609375 0.06125 0.005625 0.0075
3 0.0146875 0.9341666666666667 0.009375 0.013333333333333334
3 0.9153125 0.67125 0.011875 0.015833333333333335
3 0.434375 0.42041666666666666 0.01125 0.015833333333333335
3 0.31625 0.7741666666666667 0.0125 0.016666666666666666
3 0.63125 0.08 0.01125 0.013333333333333334
3 0.9809375 0.2504166666666667 0.010625 0.0125
3 0.218125 0.34125 0.005 0.0075
3 0.7959375 0.8058333333333333 0.006875 0.008333333333333333
3 0.4490625 0.94375 0.006875 0.009166666666666667
3 0.2740625 0.04833333333333333 0.006875 0.008333333333333333
3 0.7465625 0.6079166666666667 0.005625 0.009166666666666667
3 0.1934375 0.57125 0.006875 0.009166666666666667
3 0.5190625 0.85375 0.006875 0.009166666666666667
3 0.3221875 0.7875 0.006875 0.01
3 0.5809375 0.45875 0.005625 0.009166666666666667
3 0.57 0.5808333333333333 0.00625 0.006666666666666667
3 0.67875 0.035416666666666666 0.00625 0.0075
3 0.8015625 0.015416666666666667 0.006875 0.009166666666666667
3 0.446875 0.5154166666666666 0.005 0.0075
3 0.4953125 0.7375 0.005625 0.006666666666666667
3 0.3759375 0.0875 0.005625 0.008333333333333333
3 0.746875 0.3829166666666667 0.00625 0.0075
3 0.5184375 0.5783333333333334 0.005625 0.008333333333333333
3 0.4575 0.6570833333333334 0.00625 0.0075
3 0.2846875 0.42916666666666664 0.008125 0.011666666666666667
3 0.1075 0.8629166666666667 0.00875 0.010833333333333334
3 0.6003125 0.58375 0.006875 0.010833333333333334
3 0.770625 0.022083333333333333 0.00625 0.009166666666666667
3 0.95125 0.9520833333333333 0.00875 0.010833333333333334
3 0.623125 0.3641666666666667 0.00625 0.01
3 0.0690625 0.7291666666666666 0.008125 0.01
3 0.5009375 0.93625 0.006875 0.010833333333333334
3 0.33875 0.09416666666666666 0.00875 0.011666666666666667
3 0.1409375 0.30625 0.005625 0.0075
3 0.98 0.07916666666666666 0.00625 0.008333333333333333
3 0.283125 0.21458333333333332 0.005 0.0075
3 0.985625 0.05 0.00625 0.008333333333333333
3 0.9071875 0.5375 0.006875 0.01
3 0.9315625 0.49833333333333335 0.006875 0.008333333333333333
3 0.338125 0.15916666666666668 0.0075 0.01
3 0.671875 0.9695833333333334 0.005 0.0075
3 0.3834375 0.10583333333333333 0.006875 0.01
3 0.67125 0.25 0.00625 0.01
3 0.48625 0.84125 0.00875 0.0125
3 0.409375 0.34458333333333335 0.00875 0.0125
3 0.1765625 0.5041666666666667 0.009375 0.013333333333333334
3 0.9759375 0.5991666666666666 0.008125 0.01
3 0.0065625 0.23083333333333333 0.008125 0.01
3 0.3103125 0.45958333333333334 0.006875 0.010833333333333334
3 0.223125 0.195 0.0075 0.008333333333333333
3 0.835 0.17291666666666666 0.00875 0.010833333333333334
3 0.49625 0.92125 0.00875 0.010833333333333334
3 0.084375 0.7179166666666666 0.00625 0.009166666666666667
3 0.3240625 0.22583333333333333 0.009375 0.011666666666666667
3 0.158125 0.8554166666666667 0.00875 0.0125
3 0.108125 0.46708333333333335 0.00875 0.010833333333333334
3 0.0859375 0.3025 0.006875 0.01
3 0.4646875 0.13083333333333333 0.009375 0.011666666666666667
3 0.9475 0.7395833333333334 0.01125 0.014166666666666666
3 0.6359375 0.30541666666666667 0.010625 0.0125
3 0.8309375 0.7291666666666666 0.011875 0.015
3 0.2746875 0.37083333333333335 0.011875 0.015
3 0.664375 0.9625 0.0075 0.011666666666666667
3 0.401875 0.18708333333333332 0.00625 0.010833333333333334
3 0.35 0.45125 0.00875 0.009166666666666667
2 0.250625 0.15291666666666667 0.025 0.025833333333333333
2 0.448125 0.5425 0.0175 0.03333333333333333
2 0.54125 0.2175 0.02375 0.03333333333333333
2 0.5721875 0.5745833333333333 0.020625 0.034166666666666665
2 0.43125 0.08833333333333333 0.025 0.03
2 0.3203125 0.7216666666666667 0.014375 0.03166666666666667
4 0.6171875 0.66375 0.059375 0.0775
4 0.358125 0.48291666666666666 0.05625 0.07916666666666666
4 0.9509375 0.09708333333333333 0.056875 0.07916666666666666
4 0.3471875 0.6045833333333334 0.059375 0.07916666666666666
3 0.070625 0.06333333333333334 0.00625 0.008333333333333333
3 0.6521875 0.8441666666666666 0.005625 0.008333333333333333
3 0.4871875 0.6666666666666666 0.005625 0.008333333333333333
3 0.2990625 0.5558333333333333 0.004375 0.006666666666666667
3 0.9325 0.9725 0.0075 0.01
3 0.938125 0.7033333333333334 0.0075 0.01
3 0.380625 0.3883333333333333 0.00625 0.008333333333333333
3 0.985625 0.6554166666666666 0.0075 0.009166666666666667
3 0.265 0.9570833333333333 0.00625 0.0075
3 0.505 0.10083333333333333 0.00875 0.008333333333333333
3 0.4828125 0.9258333333333333 0.009375 0.013333333333333334
3 0.1646875 0.8879166666666667 0.008125 0.0075
3 0.97625 0.86625 0.0075 0.0125
3 0.024375 0.6675 0.00875 0.011666666666666667
3 0.76625 0.2916666666666667 0.00875 0.011666666666666667
3 0.61 0.8133333333333334 0.00875 0.011666666666666667
3 0.295625 0.44708333333333333 0.0075 0.010833333333333334
3 0.23125 0.7254166666666667 0.0075 0.010833333333333334
2 0.036875 0.035833333333333335 0.02125 0.018333333333333333
2 0.6971875 0.46875 0.020625 0.024166666666666666
2 0.2003125 0.175 0.008125 0.02666666666666667
3 0.1896875 0.9370833333333334 0.009375 0.0125
3 0.94125 0.8979166666666667 0.00625 0.010833333333333334
3 0.3840625 0.16958333333333334 0.008125 0.010833333333333334
3 0.601875 0.5558333333333333 0.0075 0.01
3 0.9534375 0.29375 0.006875 0.009166666666666667
3 0.6071875 0.6420833333333333 0.008125 0.010833333333333334
3 0.3859375 0.5629166666666666 0.006875 0.009166666666666667
3 0.4890625 0.5895833333333333 0.008125 0.010833333333333334
3 0.8628125 0.8170833333333334 0.008125 0.009166666666666667
3 0.9646875 0.225 0.008125 0.011666666666666667
3 0.2778125 0.7520833333333333 0.006875 0.010833333333333334
3 0.093125 0.6891666666666667 0.0075 0.008333333333333333
3 0.4090625 0.9483333333333334 0.011875 0.016666666666666666
3 0.2853125 0.14708333333333334 0.009375 0.014166666666666666
3 0.245625 0.19125 0.0125 0.0175
3 0.69875 0.9120833333333334 0.0125 0.015833333333333335
3 0.41375 0.24416666666666667 0.0125 0.015
3 0.4675 0.6858333333333333 0.01375 0.016666666666666666
3 0.758125 0.96375 0.00875 0.0125
3 0.5425 0.3229166666666667 0.01125 0.014166666666666666
3 0.783125 0.060833333333333336 0.01 0.011666666666666667
3 0.899375 0.3725 0.0075 0.01
3 0.5634375 0.10208333333333333 0.008125 0.010833333333333334
3 0.3534375 0.58875 0.008125 0.010833333333333334
3 0.0946875 0.9745833333333334 0.009375 0.0125
3 0.0515625 0.15458333333333332 0.009375 0.0125
3 0.1878125 0.48291666666666666 0.010625 0.014166666666666666
3 0.2709375 0.68625 0.009375 0.0125
3 0.82625 0.4266666666666667 0.01 0.013333333333333334
3 0.3290625 0.7375 0.005625 0.006666666666666667
3 0.185 0.14166666666666666 0.00625 0.008333333333333333
3 0.314375 0.4375 0.005 0.008333333333333333
3 0.219375 0.95875 0.00625 0.0075
3 0.33625 0.5625 0.0075 0.01
3 0.7040625 0.37958333333333333 0.008125 0.010833333333333334
3 0.430625 0.12416666666666666 0.00625 0.008333333333333333
3 0.7528125 0.81625 0.005625 0.0075
3 0.5003125 0.91125 0.004375 0.005833333333333334
3 0.5496875 0.15791666666666668 0.005625 0.0075
3 0.183125 0.49125 0.00375 0.005833333333333334
3 0.6028125 0.6116666666666667 0.004375 0.008333333333333333
3 0.0628125 0.08541666666666667 0.006875 0.009166666666666667
4 0.375 0.40875 0.01625 0.0225
4 0.1178125 0.5508333333333333 0.018125 0.013333333333333334
4 0.261875 0.60625 0.01625 0.0225
4 0.730625 0.22458333333333333 0.01125 0.024166666666666666
4 0.8046875 0.5995833333333334 0.041875 0.034166666666666665
4 0.6396875 0.13583333333333333 0.040625 0.041666666666666664
0 0.634375 0.40625 0.06625 0.08583333333333333
0 0.82875 0.5220833333333333 0.05375 0.08416666666666667
0 0.7321875 0.255 0.058125 0.08666666666666667
0 0.450625 0.4083333333333333 0.04625 0.07833333333333334
0 0.96 0.17416666666666666 0.04625 0.07833333333333334
1 0.2634375 0.9383333333333334 0.018125 0.025
1 0.4575 0.4345833333333333 0.0175 0.0225
1 0.5196875 0.2733333333333333 0.018125 0.023333333333333334
1 0.6490625 0.6495833333333333 0.013125 0.015833333333333335
1 0.9278125 0.27541666666666664 0.009375 0.015833333333333335
1 0.8078125 0.9041666666666667 0.010625 0.016666666666666666
1 0.8971875 0.72375 0.015625 0.014166666666666666
1 0.8259375 0.6225 0.016875 0.023333333333333334
1 0.335 0.6866666666666666 0.0175 0.018333333333333333
1 0.681875 0.73375 0.02625 0.025833333333333333
1 0.3909375 0.78375 0.023125 0.034166666666666665
1 0.8928125 0.7004166666666667 0.024375 0.014166666666666666
1 0.573125 0.2866666666666667 0.025 0.016666666666666666
1 0.4996875 0.06791666666666667 0.014375 0.019166666666666665
1 0.2934375 0.0125 0.014375 0.018333333333333333
1 0.105 0.36 0.01625 0.021666666666666667
1 0.02 0.6329166666666667 0.0125 0.0175
1 0.1225 0.90875 0.015 0.019166666666666665
0 0.808125 0.7083333333333334 0.03375 0.035
0 0.1559375 0.8991666666666667 0.036875 0.055
0 0.115 0.8170833333333334 0.035 0.0375
0 0.418125 0.7095833333333333 0.0425 0.05416666666666667
0 0.4575 0.13791666666666666 0.025 0.024166666666666666
0 0.1559375 0.3591666666666667 0.026875 0.028333333333333332
0 0.9190625 0.05291666666666667 0.019375 0.034166666666666665
0 0.7971875 0.1675 0.029375 0.04
0 0.851875 0.21833333333333332 0.02875 0.04
0 0.2465625 0.49583333333333335 0.029375 0.04
