3 0.434375 0.4175 0.015 0.016666666666666666
3 0.9790625 0.675 0.010625 0.018333333333333333
3 0.3290625 0.21166666666666667 0.015625 0.018333333333333333
3 0.6890625 0.9333333333333333 0.014375 0.021666666666666667
3 0.2034375 0.82625 0.015625 0.0175
3 0.2496875 0.9025 0.011875 0.016666666666666666
3 0.539375 0.07875 0.0125 0.015833333333333335
3 0.3484375 0.44708333333333333 0.013125 0.0175
3 0.5378125 0.85375 0.014375 0.019166666666666665
3 0.6771875 0.8583333333333333 0.011875 0.015
3 0.39875 0.17916666666666667 0.015 0.02
3 0.2103125 0.73625 0.018125 0.0225
3 0.140625 0.30541666666666667 0.0175 0.020833333333333332
3 0.6509375 0.4370833333333333 0.010625 0.019166666666666665
3 0.1390625 0.5370833333333334 0.010625 0.019166666666666665
3 0.7965625 0.07916666666666666 0.013125 0.021666666666666667
3 0.79125 0.16625 0.0125 0.020833333333333332
3 0.6503125 0.2866666666666667 0.013125 0.018333333333333333
3 0.5571875 0.3875 0.013125 0.016666666666666666
3 0.88 0.7133333333333334 0.01625 0.021666666666666667
3 0.250625 0.86875 0.01375 0.0175
3 0.055625 0.98125 0.0125 0.015833333333333335
3 0.3140625 0.9875 0.011875 0.016666666666666666
3 0.699375 0.4175 0.01625 0.021666666666666667
3 0.6459375 0.22708333333333333 0.011875 0.015833333333333335
3 0.983125 0.2658333333333333 0.01 0.015
3 0.23375 0.9658333333333333 0.01 0.011666666666666667
3 0.3228125 0.6341666666666667 0.011875 0.015
3 0.9353125 0.32708333333333334 0.013125 0.0175
3 0.015 0.0525 0.01125 0.015
3 0.2934375 0.07958333333333334 0.015625 0.020833333333333332
3 0.2359375 0.7904166666666667 0.011875 0.014166666666666666
3 0.8409375 0.9029166666666667 0.014375 0.0175
3 0.5709375 0.5004166666666666 0.014375 0.015833333333333335
3 0.1378125 0.9770833333333333 0.015625 0.019166666666666665
3 0.88625 0.9741666666666666 0.0125 0.016666666666666666
3 0.2634375 0.5120833333333333 0.013125 0.0175
3 0.881875 0.16416666666666666 0.0125 0.016666666666666666
3 0.204375 0.45916666666666667 0.01 0.013333333333333334
3 0.6684375 0.5979166666666667 0.013125 0.0175
3 0.580625 0.18625 0.02375 0.025833333333333333
3 0.9871875 0.89 0.023125 0.023333333333333334
3 0.955625 0.13125 0.02125 0.030833333333333334
3 0.784375 0.5108333333333334 0.015 0.03
3 0.389375 0.3729166666666667 0.02125 0.0275
3 0.419375 0.6104166666666667 0.01625 0.025833333333333333
3 0.5046875 0.4041666666666667 0.015625 0.025
3 0.036875 0.9175 0.01625 0.021666666666666667
3 0.494375 0.49583333333333335 0.0175 0.023333333333333334
3 0.3115625 0.9345833333333333 0.020625 0.0275
3 0.7578125 0.46458333333333335 0.020625 0.0275
3 0.91 0.5641666666666667 0.01625 0.021666666666666667
3 0.37375 0.09291666666666666 0.015 0.020833333333333332
3 0.745625 0.6770833333333334 0.01125 0.015833333333333335
3 0.551875 0.525 0.01625 0.021666666666666667
3 0.4090625 0.8320833333333333 0.011875 0.015833333333333335
3 0.1884375 0.08291666666666667 0.013125 0.0175
3 0.6925 0.43416666666666665 0.01 0.013333333333333334
3 0.1509375 0.8170833333333334 0.013125 0.0175
3 0.3684375 0.8958333333333334 0.016875 0.023333333333333334
3 0.7453125 0.45375 0.014375 0.0175
3 0.1503125 0.5725 0.015625 0.021666666666666667
3 0.9225 0.50625 0.015 0.019166666666666665
3 0.8771875 0.49166666666666664 0.015625 0.021666666666666667
3 0.6290625 0.15416666666666667 0.015625 0.021666666666666667
3 0.2740625 0.08083333333333333 0.014375 0.018333333333333333
3 0.72125 0.66875 0.01375 0.0175
3 0.25125 0.4404166666666667 0.01375 0.0175
3 0.9571875 0.27708333333333335 0.014375 0.019166666666666665
3 0.0871875 0.84625 0.013125 0.0175
3 0.965625 0.9575 0.01375 0.018333333333333333
3 0.6853125 0.31875 0.015625 0.020833333333333332
3 0.4653125 0.8504166666666667 0.011875 0.0125
3 0.16625 0.37875 0.01375 0.019166666666666665
3 0.9325 0.67 0.01125 0.011666666666666667
3 0.35875 0.37125 0.01375 0.019166666666666665
3 0.2771875 0.33166666666666667 0.014375 0.018333333333333333
3 0.110625 0.7416666666666667 0.0125 0.018333333333333333
3 0.816875 0.20166666666666666 0.0175 0.023333333333333334
3 0.668125 0.365 0.01875 0.025
3 0.773125 0.49916666666666665 0.01875 0.025
3 0.988125 0.4116666666666667 0.01875 0.025
3 0.9884375 0.15041666666666667 0.018125 0.024166666666666666
3 0.0909375 0.9233333333333333 0.015625 0.021666666666666667
3 0.6209375 0.6195833333333334 0.013125 0.0175
3 0.1271875 0.33541666666666664 0.014375 0.019166666666666665
3 0.7940625 0.6545833333333333 0.018125 0.024166666666666666
3 0.185625 0.5354166666666667 0.015 0.020833333333333332
3 0.559375 0.6266666666666667 0.0175 0.023333333333333334
3 0.2759375 0.03958333333333333 0.018125 0.024166666666666666
3 0.9340625 0.12583333333333332 0.010625 0.013333333333333334
3 0.4984375 0.37583333333333335 0.010625 0.013333333333333334
3 0.294375 0.94625 0.0125 0.015833333333333335
3 0.7165625 0.25958333333333333 0.013125 0.0175
3 0.1009375 0.92875 0.013125 0.0175
3 0.246875 0.7633333333333333 0.01125 0.015
3 0.8390625 0.8154166666666667 0.010625 0.014166666666666666
3 0.22125 0.5704166666666667 0.01125 0.014166666666666666
3 0.4953125 0.6970833333333334 0.011875 0.015833333333333335
3 0.0884375 0.0825 0.010625 0.013333333333333334
3 0.775625 0.7875 0.0175 0.023333333333333334
3 0.6475 0.6525 0.0175 0.023333333333333334
3 0.438125 0.05416666666666667 0.01625 0.021666666666666667
3 0.0175 0.2875 0.01 0.013333333333333334
3 0.4784375 0.5754166666666667 0.008125 0.010833333333333334
3 0.404375 0.275 0.00875 0.011666666666666667
3 0.9565625 0.29875 0.010625 0.014166666666666666
3 0.5421875 0.5554166666666667 0.009375 0.0125
3 0.15125 0.31833333333333336 0.01 0.013333333333333334
3 0.7290625 0.2504166666666667 0.008125 0.0125
3 0.0590625 0.38208333333333333 0.008125 0.0125
3 0.744375 0.8508333333333333 0.00625 0.008333333333333333
3 0.4259375 0.93125 0.006875 0.009166666666666667
3 0.0275 0.21583333333333332 0.0075 0.01
3 0.3371875 0.44083333333333335 0.016875 0.018333333333333333
3 0.2978125 0.9704166666666667 0.015625 0.024166666666666666
3 0.58125 0.4979166666666667 0.0175 0.019166666666666665
3 0.48 0.9241666666666667 0.01375 0.023333333333333334
3 0.4503125 0.53625 0.018125 0.0225
3 0.1715625 0.8420833333333333 0.010625 0.014166666666666666
3 0.32 0.2125 0.01 0.013333333333333334
3 0.0425 0.29083333333333333 0.00875 0.011666666666666667
3 0.3746875 0.8820833333333333 0.010625 0.014166666666666666
3 0.6228125 0.91 0.013125 0.016666666666666666
3 0.698125 0.6654166666666667 0.0125 0.0175
3 0.7478125 0.19416666666666665 0.013125 0.015
3 0.2221875 0.57125 0.009375 0.010833333333333334
3 0.7196875 0.61375 0.009375 0.010833333333333334
3 0.9928125 0.6445833333333333 0.011875 0.015833333333333335
3 0.184375 0.8908333333333334 0.01375 0.02
3 0.4378125 0.15375 0.019375 0.025833333333333333
3 0.04375 0.6054166666666667 0.01625 0.0225
3 0.6621875 0.27375 0.019375 0.025833333333333333
3 0.5128125 0.45166666666666666 0.018125 0.023333333333333334
3 0.3125 0.25 0.0125 0.016666666666666666
3 0.4225 0.4245833333333333 0.01125 0.015833333333333335
3 0.8921875 0.8054166666666667 0.013125 0.0175
3 0.9753125 0.03333333333333333 0.011875 0.015
3 0.1440625 0.21583333333333332 0.010625 0.015
3 0.47 0.46458333333333335 0.0275 0.034166666666666665
3 0.1521875 0.78875 0.028125 0.034166666666666665
3 0.051875 0.7354166666666667 0.0075 0.010833333333333334
3 0.628125 0.7366666666666667 0.01 0.013333333333333334
3 0.160625 0.205 0.01 0.013333333333333334
