3 0.753125 0.5441666666666667 0.015 0.021666666666666667
3 0.600625 0.13625 0.01625 0.020833333333333332
3 0.5659375 0.32875 0.015625 0.0175
3 0.8790625 0.8845833333333334 0.014375 0.019166666666666665
3 0.8034375 0.3879166666666667 0.014375 0.019166666666666665
3 0.943125 0.76375 0.0125 0.015833333333333335
3 0.4996875 0.28208333333333335 0.014375 0.019166666666666665
3 0.2778125 0.0225 0.013125 0.016666666666666666
3 0.03875 0.42833333333333334 0.015 0.02
3 0.42625 0.6008333333333333 0.0125 0.015
3 0.1153125 0.05333333333333334 0.013125 0.021666666666666667
3 0.5809375 0.8833333333333333 0.013125 0.021666666666666667
3 0.4859375 0.12666666666666668 0.011875 0.016666666666666666
3 0.3565625 0.8191666666666667 0.014375 0.018333333333333333
3 0.120625 0.6658333333333334 0.01625 0.021666666666666667
3 0.595 0.325 0.01625 0.021666666666666667
3 0.6578125 0.8616666666666667 0.014375 0.018333333333333333
3 0.12625 0.29125 0.0125 0.0175
3 0.529375 0.5704166666666667 0.0125 0.015833333333333335
3 0.4053125 0.6558333333333334 0.011875 0.016666666666666666
3 0.274375 0.17208333333333334 0.015 0.020833333333333332
3 0.9221875 0.88375 0.011875 0.015833333333333335
3 0.5275 0.5266666666666666 0.01125 0.013333333333333334
3 0.4578125 0.7670833333333333 0.009375 0.010833333333333334
3 0.8821875 0.57125 0.013125 0.0175
3 0.550625 0.24083333333333334 0.0125 0.016666666666666666
3 0.935 0.30666666666666664 0.0125 0.016666666666666666
3 0.1490625 0.9120833333333334 0.010625 0.014166666666666666
3 0.4215625 0.20875 0.013125 0.0175
3 0.548125 0.3466666666666667 0.015 0.018333333333333333
3 0.7359375 0.6258333333333334 0.015625 0.02
3 0.3396875 0.57 0.014375 0.018333333333333333
3 0.7628125 0.16958333333333334 0.015625 0.020833333333333332
3 0.733125 0.115 0.01375 0.02
3 0.2503125 0.32166666666666666 0.013125 0.013333333333333334
3 0.5778125 0.5258333333333334 0.014375 0.016666666666666666
3 0.4946875 0.9908333333333333 0.015625 0.018333333333333333
3 0.2896875 0.14708333333333334 0.013125 0.0175
3 0.1965625 0.5779166666666666 0.010625 0.014166666666666666
3 0.56875 0.47333333333333333 0.02125 0.016666666666666666
3 0.4190625 0.7083333333333334 0.019375 0.03166666666666667
3 0.2153125 0.02375 0.018125 0.030833333333333334
3 0.6434375 0.8879166666666667 0.016875 0.030833333333333334
3 0.8403125 0.6966666666666667 0.013125 0.028333333333333332
3 0.96625 0.7254166666666667 0.02125 0.030833333333333334
3 0.6659375 0.6754166666666667 0.019375 0.0225
3 0.7996875 0.3854166666666667 0.013125 0.0225
3 0.4071875 0.295 0.020625 0.025
3 0.39625 0.43666666666666665 0.0175 0.018333333333333333
3 0.549375 0.96625 0.01875 0.020833333333333332
3 0.0196875 0.7654166666666666 0.018125 0.019166666666666665
3 0.1546875 0.34875 0.020625 0.0275
3 0.96375 0.7525 0.02 0.02666666666666667
3 0.9825 0.18833333333333332 0.02125 0.028333333333333332
3 0.2178125 0.78 0.015625 0.021666666666666667
3 0.1825 0.4979166666666667 0.015 0.020833333333333332
3 0.19875 0.5254166666666666 0.0125 0.015833333333333335
3 0.2453125 0.2816666666666667 0.014375 0.018333333333333333
3 0.6859375 0.06625 0.009375 0.0125
3 0.41 0.8383333333333334 0.0125 0.016666666666666666
3 0.0728125 0.33625 0.010625 0.014166666666666666
3 0.7728125 0.7429166666666667 0.013125 0.0175
3 0.39375 0.7991666666666667 0.0125 0.016666666666666666
3 0.866875 0.9391666666666667 0.0125 0.016666666666666666
3 0.1425 0.3233333333333333 0.0175 0.023333333333333334
3 0.1171875 0.22583333333333333 0.015625 0.021666666666666667
3 0.13 0.9379166666666666 0.01375 0.0175
3 0.210625 0.9520833333333333 0.01375 0.0175
3 0.9721875 0.9775 0.013125 0.018333333333333333
3 0.45875 0.6220833333333333 0.01375 0.019166666666666665
3 0.7071875 0.29791666666666666 0.014375 0.019166666666666665
3 0.8084375 0.26166666666666666 0.013125 0.018333333333333333
3 0.794375 0.11333333333333333 0.01375 0.018333333333333333
3 0.966875 0.8425 0.015 0.02
3 0.42375 0.6991666666666667 0.01375 0.018333333333333333
3 0.4646875 0.2654166666666667 0.015625 0.020833333333333332
3 0.8165625 0.48041666666666666 0.011875 0.015833333333333335
3 0.77375 0.7804166666666666 0.01125 0.0175
3 0.013125 0.765 0.0125 0.018333333333333333
3 0.253125 0.013333333333333334 0.01875 0.025
3 0.2634375 0.2925 0.018125 0.025
3 0.7571875 0.645 0.015625 0.02
3 0.255625 0.3283333333333333 0.015 0.02
3 0.659375 0.3625 0.01375 0.018333333333333333
3 0.1175 0.5133333333333333 0.01375 0.018333333333333333
3 0.66375 0.6425 0.015 0.02
3 0.195 0.07666666666666666 0.01125 0.015
3 0.9496875 0.22875 0.018125 0.024166666666666666
3 0.0725 0.895 0.0175 0.023333333333333334
3 0.4896875 0.9179166666666667 0.013125 0.0175
3 0.69125 0.89875 0.0125 0.015833333333333335
3 0.8225 0.5775 0.01125 0.015
3 0.9678125 0.10708333333333334 0.010625 0.014166666666666666
3 0.408125 0.9529166666666666 0.01 0.0125
3 0.2675 0.3516666666666667 0.01125 0.015
3 0.675 0.5058333333333334 0.01125 0.015
3 0.8684375 0.34208333333333335 0.011875 0.015833333333333335
3 0.8625 0.58375 0.01 0.014166666666666666
3 0.6440625 0.9720833333333333 0.010625 0.014166666666666666
3 0.3128125 0.7858333333333334 0.014375 0.018333333333333333
3 0.1178125 0.9729166666666667 0.018125 0.024166666666666666
3 0.460625 0.9833333333333333 0.01625 0.021666666666666667
3 0.68125 0.7166666666666667 0.00875 0.011666666666666667
3 0.9575 0.36833333333333335 0.00875 0.011666666666666667
3 0.1765625 0.90375 0.010625 0.014166666666666666
3 0.7975 0.0725 0.01 0.013333333333333334
3 0.764375 0.37166666666666665 0.0075 0.01
3 0.8203125 0.6420833333333333 0.010625 0.014166666666666666
3 0.6209375 0.6008333333333333 0.010625 0.013333333333333334
3 0.2253125 0.48541666666666666 0.008125 0.0125
3 0.52 0.8541666666666666 0.01125 0.015
3 0.945 0.2775 0.01125 0.015
3 0.1728125 0.6554166666666666 0.010625 0.0125
3 0.1496875 0.13458333333333333 0.005625 0.0075
3 0.764375 0.13916666666666666 0.0075 0.01
3 0.8334375 0.8570833333333333 0.006875 0.009166666666666667
3 0.6421875 0.41791666666666666 0.005625 0.0075
3 0.505 0.058333333333333334 0.0075 0.01
3 0.3290625 0.70125 0.008125 0.010833333333333334
3 0.77125 0.8420833333333333 0.01375 0.0225
3 0.3353125 0.8979166666666667 0.016875 0.0175
3 0.0615625 0.87625 0.016875 0.024166666666666666
3 0.6140625 0.7675 0.016875 0.016666666666666666
3 0.6021875 0.98375 0.015625 0.024166666666666666
3 0.21875 0.37833333333333335 0.015 0.023333333333333334
3 0.5146875 0.33875 0.010625 0.014166666666666666
3 0.3309375 0.5529166666666666 0.010625 0.014166666666666666
3 0.2378125 0.09666666666666666 0.010625 0.016666666666666666
3 0.478125 0.16083333333333333 0.01125 0.016666666666666666
3 0.34 0.7625 0.01 0.016666666666666666
3 0.53 0.8404166666666667 0.0125 0.0175
3 0.920625 0.8933333333333333 0.0125 0.015
3 0.5234375 0.7008333333333333 0.011875 0.015
3 0.02125 0.7291666666666666 0.01 0.015
3 0.5609375 0.3491666666666667 0.010625 0.011666666666666667
3 0.8996875 0.69625 0.018125 0.0225
3 0.3615625 0.8666666666666667 0.016875 0.023333333333333334
3 0.478125 0.4175 0.015 0.021666666666666667
3 0.0153125 0.3591666666666667 0.010625 0.015
3 0.951875 0.2970833333333333 0.01 0.014166666666666666
3 0.300625 0.044583333333333336 0.0125 0.0175
3 0.2915625 0.8433333333333334 0.013125 0.016666666666666666
3 0.50625 0.4845833333333333 0.0125 0.0175
3 0.5853125 0.6395833333333333 0.026875 0.030833333333333334
3 0.2346875 0.4975 0.020625 0.03333333333333333
3 0.398125 0.105 0.02875 0.03666666666666667
3 0.8853125 0.44375 0.028125 0.0375
3 0.6403125 0.6745833333333333 0.026875 0.030833333333333334
3 0.935625 0.7220833333333333 0.00875 0.010833333333333334
3 0.9546875 0.9775 0.009375 0.013333333333333334
3 0.4575 0.31583333333333335 0.01 0.013333333333333334
3 0.0603125 0.6570833333333334 0.009375 0.0125
