3 0.529375 0.5970833333333333 0.01375 0.020833333333333332
3 0.06375 0.30833333333333335 0.015 0.021666666666666667
3 0.33375 0.5133333333333333 0.01625 0.02
3 0.20375 0.7520833333333333 0.01375 0.020833333333333332
3 0.5503125 0.4579166666666667 0.011875 0.019166666666666665
3 0.7575 0.041666666666666664 0.015 0.016666666666666666
3 0.7365625 0.5970833333333333 0.014375 0.019166666666666665
3 0.9190625 0.21625 0.014375 0.019166666666666665
3 0.5290625 0.08333333333333333 0.014375 0.018333333333333333
3 0.2403125 0.30375 0.014375 0.019166666666666665
3 0.0090625 0.5304166666666666 0.014375 0.019166666666666665
3 0.8453125 0.19541666666666666 0.014375 0.019166666666666665
3 0.2225 0.08583333333333333 0.01125 0.016666666666666666
3 0.0659375 0.5641666666666667 0.014375 0.02
3 0.973125 0.3904166666666667 0.0125 0.015833333333333335
3 0.3296875 0.11416666666666667 0.014375 0.018333333333333333
3 0.148125 0.3670833333333333 0.015 0.019166666666666665
3 0.015625 0.4175 0.0125 0.018333333333333333
3 0.1575 0.9095833333333333 0.015 0.0225
3 0.255 0.67 0.01625 0.018333333333333333
3 0.8159375 0.5533333333333333 0.015625 0.016666666666666666
3 0.9078125 0.42083333333333334 0.013125 0.016666666666666666
3 0.61125 0.7929166666666667 0.01625 0.020833333333333332
3 0.9603125 0.3025 0.014375 0.02
3 0.0146875 0.11708333333333333 0.015625 0.020833333333333332
3 0.986875 0.8504166666666667 0.0125 0.0175
3 0.364375 0.23916666666666667 0.01625 0.021666666666666667
3 0.544375 0.2866666666666667 0.01625 0.021666666666666667
3 0.3840625 0.6416666666666667 0.011875 0.015
3 0.9690625 0.20625 0.009375 0.014166666666666666
3 0.1115625 0.69875 0.011875 0.015833333333333335
3 0.0709375 0.7345833333333334 0.011875 0.015833333333333335
3 0.0228125 0.30541666666666667 0.011875 0.015833333333333335
3 0.871875 0.31625 0.01125 0.015833333333333335
3 0.2175 0.7291666666666666 0.01125 0.015
3 0.9934375 0.35625 0.013125 0.0175
3 0.8759375 0.88375 0.011875 0.015833333333333335
3 0.8621875 0.6854166666666667 0.013125 0.0175
3 0.7684375 0.23625 0.013125 0.0175
3 0.8134375 0.04666666666666667 0.015625 0.02
3 0.5315625 0.44875 0.013125 0.015833333333333335
3 0.49375 0.94875 0.015 0.020833333333333332
3 0.2590625 0.8879166666666667 0.011875 0.019166666666666665
3 0.4328125 0.1375 0.015625 0.02
3 0.7325 0.45125 0.015 0.020833333333333332
3 0.8834375 0.6833333333333333 0.013125 0.02
3 0.30125 0.6754166666666667 0.01 0.0175
3 0.796875 0.6358333333333334 0.01125 0.015
3 0.953125 0.5891666666666666 0.0125 0.016666666666666666
3 0.2271875 0.8204166666666667 0.013125 0.0175
3 0.363125 0.5583333333333333 0.01 0.013333333333333334
3 0.5284375 0.39958333333333335 0.013125 0.0175
3 0.6253125 0.8304166666666667 0.016875 0.030833333333333334
3 0.825625 0.82625 0.0175 0.030833333333333334
3 0.4515625 0.33666666666666667 0.021875 0.018333333333333333
3 0.1471875 0.70125 0.016875 0.0175
3 0.305 0.6479166666666667 0.02125 0.0275
3 0.7159375 0.9866666666666667 0.015625 0.025
3 0.605625 0.5729166666666666 0.015 0.024166666666666666
3 0.155 0.4483333333333333 0.02125 0.028333333333333332
3 0.8909375 0.6670833333333334 0.016875 0.0175
3 0.446875 0.4125 0.01875 0.025
3 0.321875 0.2941666666666667 0.02125 0.028333333333333332
3 0.085 0.8908333333333334 0.02125 0.028333333333333332
3 0.2834375 0.25458333333333333 0.020625 0.0275
3 0.6184375 0.3954166666666667 0.020625 0.0275
3 0.1421875 0.35875 0.015625 0.020833333333333332
3 0.52625 0.8216666666666667 0.01625 0.021666666666666667
3 0.673125 0.5279166666666667 0.01625 0.020833333333333332
3 0.15375 0.46708333333333335 0.01375 0.019166666666666665
3 0.01875 0.4404166666666667 0.015 0.020833333333333332
3 0.2521875 0.7870833333333334 0.009375 0.0125
3 0.870625 0.5291666666666667 0.01 0.013333333333333334
3 0.4240625 0.06958333333333333 0.011875 0.015833333333333335
3 0.5125 0.07583333333333334 0.0175 0.023333333333333334
3 0.666875 0.72 0.01375 0.02
3 0.6903125 0.9091666666666667 0.014375 0.018333333333333333
3 0.913125 0.7395833333333334 0.01375 0.0175
3 0.7734375 0.9316666666666666 0.013125 0.018333333333333333
3 0.7440625 0.10333333333333333 0.011875 0.016666666666666666
3 0.9371875 0.7083333333333334 0.013125 0.018333333333333333
3 0.86625 0.605 0.0125 0.016666666666666666
3 0.2515625 0.97375 0.015625 0.020833333333333332
3 0.300625 0.3725 0.015 0.02
3 0.4221875 0.9220833333333334 0.011875 0.0175
3 0.130625 0.9404166666666667 0.01125 0.0175
3 0.586875 0.20791666666666667 0.01375 0.019166666666666665
3 0.4234375 0.4795833333333333 0.014375 0.0175
3 0.34125 0.21208333333333335 0.01625 0.020833333333333332
3 0.93625 0.585 0.01875 0.025
3 0.2878125 0.3575 0.016875 0.023333333333333334
3 0.67125 0.645 0.01875 0.025
3 0.8478125 0.38916666666666666 0.016875 0.021666666666666667
3 0.1609375 0.5420833333333334 0.013125 0.0175
3 0.945625 0.8925 0.01125 0.015
3 0.0678125 0.5916666666666667 0.014375 0.02
3 0.309375 0.14458333333333334 0.015 0.019166666666666665
3 0.4740625 0.2075 0.014375 0.02
3 0.9415625 0.7920833333333334 0.018125 0.024166666666666666
3 0.9809375 0.18125 0.018125 0.024166666666666666
3 0.9478125 0.62375 0.011875 0.014166666666666666
3 0.179375 0.44208333333333333 0.0125 0.0175
3 0.4415625 0.6866666666666666 0.013125 0.016666666666666666
3 0.4815625 0.8233333333333334 0.013125 0.016666666666666666
3 0.5625 0.4920833333333333 0.01125 0.015833333333333335
3 0.2225 0.12958333333333333 0.0125 0.0175
3 0.0365625 0.09083333333333334 0.009375 0.013333333333333334
3 0.8334375 0.32375 0.010625 0.014166666666666666
3 0.6059375 0.45416666666666666 0.009375 0.011666666666666667
3 0.2153125 0.6104166666666667 0.009375 0.0125
3 0.5503125 0.4195833333333333 0.010625 0.014166666666666666
3 0.61875 0.5404166666666667 0.01 0.014166666666666666
3 0.2209375 0.2891666666666667 0.010625 0.013333333333333334
3 0.011875 0.5975 0.0175 0.023333333333333334
3 0.9790625 0.7533333333333333 0.014375 0.02
3 0.421875 0.735 0.0075 0.01
3 0.39625 0.43666666666666665 0.01 0.013333333333333334
3 0.0746875 0.87125 0.009375 0.0125
3 0.2209375 0.8870833333333333 0.010625 0.014166666666666666
3 0.9203125 0.4404166666666667 0.008125 0.010833333333333334
3 0.0434375 0.33125 0.008125 0.010833333333333334
3 0.635625 0.3225 0.01125 0.015
3 0.415625 0.27 0.01 0.011666666666666667
3 0.958125 0.9533333333333334 0.01125 0.015
3 0.229375 0.22083333333333333 0.00875 0.013333333333333334
3 0.5871875 0.04125 0.008125 0.0125
3 0.2021875 0.34958333333333336 0.005625 0.0075
3 0.655625 0.295 0.00625 0.008333333333333333
3 0.7703125 0.00625 0.006875 0.009166666666666667
3 0.725 0.4608333333333333 0.00625 0.008333333333333333
3 0.30125 0.9341666666666667 0.0175 0.02
3 0.423125 0.515 0.0175 0.02
3 0.198125 0.4483333333333333 0.0175 0.018333333333333333
3 0.1659375 0.4554166666666667 0.009375 0.0125
3 0.134375 0.9066666666666666 0.01 0.013333333333333334
3 0.858125 0.7541666666666667 0.01 0.013333333333333334
3 0.525 0.07333333333333333 0.01 0.013333333333333334
3 0.3059375 0.17291666666666666 0.010625 0.014166666666666666
3 0.29125 0.3095833333333333 0.00875 0.015833333333333335
3 0.8640625 0.9204166666666667 0.011875 0.0125
3 0.8421875 0.40625 0.009375 0.014166666666666666
3 0.9559375 0.28875 0.010625 0.0125
3 0.515 0.40166666666666667 0.00875 0.013333333333333334
3 0.9359375 0.16708333333333333 0.011875 0.015833333333333335
3 0.42 0.6816666666666666 0.01125 0.013333333333333334
3 0.3225 0.08875 0.01 0.010833333333333334
3 0.8240625 0.14583333333333334 0.018125 0.025
3 0.7696875 0.88 0.018125 0.023333333333333334
3 0.6534375 0.48 0.018125 0.025
3 0.6925 0.16541666666666666 0.01875 0.025833333333333333
3 0.7359375 0.22125 0.014375 0.0175
3 0.7125 0.47333333333333333 0.0125 0.016666666666666666
3 0.649375 0.3283333333333333 0.0125 0.016666666666666666
3 0.5546875 0.3466666666666667 0.011875 0.016666666666666666
3 0.8159375 0.48 0.011875 0.016666666666666666
3 0.4653125 0.21916666666666668 0.024375 0.02666666666666667
3 0.42625 0.6433333333333333 0.0275 0.03833333333333333
3 0.9865625 0.5375 0.024375 0.02666666666666667
3 0.1903125 0.6620833333333334 0.028125 0.0375
3 0.2521875 0.8766666666666667 0.028125 0.03833333333333333
3 0.7709375 0.0675 0.024375 0.02666666666666667
3 0.79875 0.6975 0.01 0.013333333333333334
3 0.820625 0.8808333333333334 0.01 0.013333333333333334
3 0.1009375 0.13083333333333333 0.009375 0.011666666666666667
3 0.5675 0.8304166666666667 0.00875 0.010833333333333334
