3 0.4640625 0.7533333333333333 0.015625 0.018333333333333333
3 0.2878125 0.5020833333333333 0.015625 0.019166666666666665
3 0.29125 0.5575 0.01 0.018333333333333333
3 0.82625 0.8908333333333334 0.0125 0.02
3 0.306875 0.06041666666666667 0.0125 0.0175
3 0.6896875 0.8720833333333333 0.014375 0.019166666666666665
3 0.439375 0.26416666666666666 0.015 0.02
3 0.603125 0.97375 0.01375 0.0175
3 0.0853125 0.5229166666666667 0.013125 0.019166666666666665
3 0.0928125 0.3175 0.015625 0.016666666666666666
3 0.738125 0.7775 0.0175 0.021666666666666667
3 0.0471875 0.07708333333333334 0.014375 0.014166666666666666
3 0.960625 0.735 0.01625 0.021666666666666667
3 0.4746875 0.30291666666666667 0.015625 0.020833333333333332
3 0.15625 0.7970833333333334 0.015 0.020833333333333332
3 0.8878125 0.87 0.011875 0.016666666666666666
3 0.5684375 0.18791666666666668 0.015625 0.020833333333333332
3 0.525625 0.36041666666666666 0.01625 0.020833333333333332
3 0.7903125 0.6870833333333334 0.015625 0.020833333333333332
3 0.619375 0.9558333333333333 0.015 0.02
3 0.2453125 0.9570833333333333 0.011875 0.015833333333333335
3 0.3128125 0.45208333333333334 0.011875 0.015833333333333335
3 0.500625 0.4429166666666667 0.01125 0.015833333333333335
3 0.806875 0.9320833333333334 0.01125 0.015833333333333335
3 0.6928125 0.22708333333333333 0.013125 0.0175
3 0.6678125 0.34791666666666665 0.011875 0.015833333333333335
3 0.0896875 0.14291666666666666 0.011875 0.015833333333333335
3 0.3334375 0.31125 0.009375 0.0125
3 0.5809375 0.83875 0.011875 0.015833333333333335
3 0.795 0.2708333333333333 0.01125 0.015
3 0.4165625 0.5458333333333333 0.011875 0.016666666666666666
3 0.2846875 0.6158333333333333 0.015625 0.02
3 0.8890625 0.09666666666666666 0.015625 0.02
3 0.3871875 0.6129166666666667 0.015625 0.020833333333333332
3 0.0615625 0.195 0.015625 0.02
3 0.07375 0.08291666666666667 0.015 0.020833333333333332
3 0.1646875 0.3254166666666667 0.014375 0.015833333333333335
3 0.7915625 0.72875 0.014375 0.020833333333333332
3 0.6559375 0.2975 0.010625 0.018333333333333333
3 0.6440625 0.26208333333333333 0.011875 0.015833333333333335
3 0.7071875 0.12875 0.010625 0.014166666666666666
3 0.2453125 0.16041666666666668 0.013125 0.029166666666666667
3 0.343125 0.40458333333333335 0.02375 0.025833333333333333
3 0.1584375 0.5758333333333333 0.015625 0.025
3 0.3053125 0.07958333333333334 0.016875 0.025833333333333333
3 0.796875 0.7879166666666667 0.02125 0.0275
3 0.344375 0.4845833333333333 0.02125 0.025833333333333333
3 0.52375 0.9491666666666667 0.02 0.02666666666666667
3 0.269375 0.8466666666666667 0.02125 0.028333333333333332
3 0.839375 0.93 0.01875 0.025
3 0.285625 0.06166666666666667 0.02125 0.028333333333333332
3 0.2365625 0.13708333333333333 0.020625 0.0275
3 0.5128125 0.5604166666666667 0.019375 0.025833333333333333
3 0.6934375 0.3129166666666667 0.014375 0.019166666666666665
3 0.2346875 0.4675 0.014375 0.018333333333333333
3 0.2190625 0.4775 0.013125 0.018333333333333333
3 0.401875 0.5516666666666666 0.01625 0.021666666666666667
3 0.240625 0.012083333333333333 0.015 0.020833333333333332
3 0.1353125 0.16041666666666668 0.014375 0.019166666666666665
3 0.3465625 0.14625 0.011875 0.015833333333333335
3 0.4671875 0.7204166666666667 0.011875 0.015833333333333335
3 0.6040625 0.9358333333333333 0.016875 0.021666666666666667
3 0.3815625 0.5145833333333333 0.015625 0.0225
3 0.2396875 0.5183333333333333 0.016875 0.021666666666666667
3 0.3378125 0.012083333333333333 0.015625 0.0225
3 0.964375 0.9195833333333333 0.01375 0.019166666666666665
3 0.973125 0.12625 0.01375 0.0175
3 0.1121875 0.7983333333333333 0.014375 0.018333333333333333
3 0.394375 0.385 0.01 0.015
3 0.4375 0.6833333333333333 0.01 0.015
3 0.6375 0.7695833333333333 0.01375 0.019166666666666665
3 0.9590625 0.78875 0.014375 0.019166666666666665
3 0.0159375 0.13458333333333333 0.015625 0.020833333333333332
3 0.32875 0.4425 0.01375 0.018333333333333333
3 0.5034375 0.11625 0.014375 0.019166666666666665
3 0.6059375 0.6495833333333333 0.015625 0.020833333333333332
3 0.1390625 0.49541666666666667 0.014375 0.0175
3 0.803125 0.20791666666666667 0.01125 0.0125
3 0.9465625 0.06166666666666667 0.010625 0.016666666666666666
3 0.1034375 0.19875 0.011875 0.0125
3 0.111875 0.98625 0.01125 0.0125
3 0.764375 0.6441666666666667 0.0125 0.013333333333333334
3 0.20375 0.63 0.01875 0.025
3 0.8609375 0.9675 0.016875 0.023333333333333334
3 0.4196875 0.8154166666666667 0.011875 0.015833333333333335
3 0.393125 0.12583333333333332 0.015 0.02
3 0.64875 0.24833333333333332 0.015 0.02
3 0.191875 0.19041666666666668 0.0175 0.0225
3 0.5246875 0.5166666666666667 0.014375 0.02
3 0.908125 0.35083333333333333 0.0175 0.023333333333333334
3 0.4296875 0.42625 0.018125 0.024166666666666666
3 0.593125 0.1575 0.0175 0.023333333333333334
3 0.685625 0.43291666666666667 0.01125 0.015833333333333335
3 0.84 0.5270833333333333 0.0125 0.015833333333333335
3 0.7559375 0.7554166666666666 0.013125 0.0175
3 0.33875 0.46458333333333335 0.01125 0.015833333333333335
3 0.1109375 0.7866666666666666 0.009375 0.011666666666666667
3 0.188125 0.010416666666666666 0.00875 0.0125
3 0.6021875 0.4633333333333333 0.008125 0.011666666666666667
3 0.5425 0.14125 0.00875 0.010833333333333334
3 0.5765625 0.8625 0.010625 0.015
3 0.624375 0.7745833333333333 0.01125 0.014166666666666666
3 0.1665625 0.38875 0.010625 0.014166666666666666
3 0.7515625 0.455 0.008125 0.011666666666666667
3 0.6871875 0.6 0.014375 0.018333333333333333
3 0.82875 0.48125 0.0175 0.024166666666666666
3 0.4034375 0.28958333333333336 0.018125 0.024166666666666666
3 0.515625 0.37625 0.01625 0.0225
3 0.0828125 0.51625 0.010625 0.014166666666666666
3 0.30875 0.21 0.01 0.013333333333333334
3 0.2609375 0.042083333333333334 0.010625 0.014166666666666666
3 0.4971875 0.5045833333333334 0.010625 0.014166666666666666
3 0.9415625 0.34375 0.010625 0.014166666666666666
3 0.925625 0.8045833333333333 0.01125 0.014166666666666666
3 0.098125 0.6975 0.01125 0.015
3 0.5315625 0.60875 0.005625 0.0075
3 0.54375 0.36833333333333335 0.0075 0.01
3 0.0096875 0.36625 0.006875 0.009166666666666667
3 0.651875 0.36916666666666664 0.00625 0.008333333333333333
3 0.0075 0.905 0.00625 0.008333333333333333
3 0.879375 0.3541666666666667 0.01125 0.021666666666666667
3 0.6784375 0.21416666666666667 0.018125 0.021666666666666667
3 0.5903125 0.11333333333333333 0.011875 0.021666666666666667
3 0.6128125 0.4116666666666667 0.016875 0.018333333333333333
3 0.5296875 0.12125 0.018125 0.0225
3 0.835 0.4875 0.01 0.013333333333333334
3 0.46625 0.7733333333333333 0.00875 0.011666666666666667
3 0.7321875 0.6829166666666666 0.009375 0.0125
3 0.1615625 0.5895833333333333 0.010625 0.014166666666666666
3 0.4578125 0.7395833333333334 0.010625 0.014166666666666666
3 0.4715625 0.7945833333333333 0.008125 0.010833333333333334
3 0.74875 0.6204166666666666 0.0125 0.0175
3 0.899375 0.21 0.0125 0.015
3 0.5378125 0.6733333333333333 0.011875 0.013333333333333334
3 0.7365625 0.7454166666666666 0.013125 0.0175
3 0.1190625 0.09208333333333334 0.011875 0.0125
3 0.18375 0.48291666666666666 0.01125 0.014166666666666666
3 0.568125 0.09916666666666667 0.01 0.015
3 0.394375 0.22083333333333333 0.01 0.015
3 0.49 0.6095833333333334 0.01125 0.015833333333333335
3 0.161875 0.53875 0.01125 0.014166666666666666
3 0.9728125 0.5654166666666667 0.010625 0.0125
3 0.1653125 0.3975 0.019375 0.025
3 0.809375 0.8779166666666667 0.01875 0.024166666666666666
3 0.11625 0.81 0.0175 0.021666666666666667
3 0.7315625 0.8358333333333333 0.019375 0.025
3 0.898125 0.77625 0.0125 0.0175
3 0.3321875 0.84375 0.011875 0.015833333333333335
3 0.5115625 0.735 0.009375 0.013333333333333334
3 0.801875 0.3458333333333333 0.02875 0.03666666666666667
3 0.858125 0.87125 0.0225 0.024166666666666666
3 0.445625 0.5516666666666666 0.0225 0.035
3 0.7834375 0.17916666666666667 0.024375 0.03666666666666667
3 0.39 0.33375 0.0275 0.0325
3 0.5178125 0.7316666666666667 0.009375 0.011666666666666667
3 0.763125 0.13791666666666666 0.00875 0.010833333333333334
3 0.2209375 0.16291666666666665 0.009375 0.0125
3 0.5340625 0.5370833333333334 0.008125 0.010833333333333334
3 0.229375 0.0525 0.01 0.013333333333333334
3 0.56125 0.605 0.01 0.013333333333333334
