3 0.9865625 0.3070833333333333 0.014375 0.020833333333333332
3 0.5296875 0.9241666666666667 0.014375 0.015
3 0.6325 0.14875 0.01375 0.0175
3 0.6 0.037083333333333336 0.01375 0.019166666666666665
3 0.4009375 0.8316666666666667 0.013125 0.018333333333333333
3 0.1653125 0.8220833333333334 0.014375 0.019166666666666665
3 0.671875 0.21791666666666668 0.015 0.019166666666666665
3 0.305625 0.3570833333333333 0.01375 0.019166666666666665
3 0.236875 0.00875 0.01375 0.0175
3 0.6265625 0.7675 0.014375 0.018333333333333333
3 0.0540625 0.6854166666666667 0.011875 0.014166666666666666
3 0.4346875 0.26375 0.010625 0.015833333333333335
3 0.056875 0.615 0.0175 0.02
3 0.5225 0.81125 0.0175 0.020833333333333332
3 0.594375 0.03875 0.015 0.020833333333333332
3 0.8590625 0.495 0.011875 0.015
3 0.029375 0.8783333333333333 0.01625 0.021666666666666667
3 0.8315625 0.32 0.011875 0.016666666666666666
3 0.5528125 0.7775 0.015625 0.02
3 0.7421875 0.39666666666666667 0.013125 0.018333333333333333
3 0.7075 0.6116666666666667 0.01625 0.021666666666666667
3 0.6078125 0.59 0.011875 0.015
3 0.4225 0.09291666666666666 0.01125 0.015833333333333335
3 0.0353125 0.90875 0.009375 0.014166666666666666
3 0.7784375 0.7154166666666667 0.011875 0.015833333333333335
3 0.4315625 0.5979166666666667 0.010625 0.015833333333333335
3 0.6084375 0.06375 0.013125 0.0175
3 0.5134375 0.7079166666666666 0.011875 0.015833333333333335
3 0.7128125 0.027083333333333334 0.015625 0.020833333333333332
3 0.6296875 0.7616666666666667 0.015625 0.02
3 0.738125 0.53875 0.01375 0.0175
3 0.8259375 0.06583333333333333 0.015625 0.02
3 0.4928125 0.06625 0.011875 0.014166666666666666
3 0.8559375 0.5029166666666667 0.011875 0.0175
3 0.439375 0.6595833333333333 0.0125 0.0125
3 0.1440625 0.8970833333333333 0.014375 0.020833333333333332
3 0.0184375 0.19541666666666666 0.011875 0.019166666666666665
3 0.8421875 0.9120833333333334 0.009375 0.0125
3 0.673125 0.3641666666666667 0.01 0.013333333333333334
3 0.8990625 0.3745833333333333 0.013125 0.0175
3 0.115625 0.6775 0.01125 0.015
3 0.4059375 0.11291666666666667 0.013125 0.0175
3 0.1659375 0.4225 0.011875 0.028333333333333332
3 0.2284375 0.4866666666666667 0.023125 0.025
3 0.2040625 0.7670833333333333 0.021875 0.030833333333333334
3 0.2471875 0.86875 0.019375 0.0275
3 0.1253125 0.48333333333333334 0.014375 0.023333333333333334
3 0.6125 0.87625 0.02125 0.025833333333333333
3 0.2765625 0.62625 0.018125 0.024166666666666666
3 0.7346875 0.35291666666666666 0.018125 0.024166666666666666
3 0.4725 0.055 0.01625 0.021666666666666667
3 0.0384375 0.24 0.013125 0.018333333333333333
3 0.66 0.9479166666666666 0.015 0.019166666666666665
3 0.52625 0.01875 0.0125 0.015833333333333335
3 0.7690625 0.94375 0.010625 0.014166666666666666
3 0.3109375 0.58625 0.013125 0.0175
3 0.600625 0.1175 0.0175 0.023333333333333334
3 0.178125 0.4241666666666667 0.0125 0.018333333333333333
3 0.0484375 0.49416666666666664 0.016875 0.023333333333333334
3 0.623125 0.7654166666666666 0.01625 0.0225
3 0.9075 0.4395833333333333 0.0125 0.0175
3 0.0946875 0.7645833333333333 0.014375 0.019166666666666665
3 0.2346875 0.3770833333333333 0.010625 0.015833333333333335
3 0.5625 0.33666666666666667 0.01375 0.018333333333333333
3 0.9365625 0.25458333333333333 0.009375 0.014166666666666666
3 0.6565625 0.5854166666666667 0.011875 0.015833333333333335
3 0.0084375 0.16541666666666666 0.015625 0.020833333333333332
3 0.7425 0.5508333333333333 0.0125 0.016666666666666666
3 0.4121875 0.64375 0.015625 0.020833333333333332
3 0.049375 0.815 0.01375 0.018333333333333333
3 0.38 0.4658333333333333 0.01125 0.015
3 0.5159375 0.7679166666666667 0.013125 0.019166666666666665
3 0.498125 0.18125 0.01 0.015833333333333335
3 0.270625 0.43083333333333335 0.01 0.016666666666666666
3 0.62625 0.62875 0.01375 0.019166666666666665
3 0.449375 0.43833333333333335 0.0125 0.013333333333333334
3 0.5353125 0.10875 0.015625 0.020833333333333332
3 0.413125 0.715 0.01875 0.025
3 0.60875 0.03791666666666667 0.01375 0.019166666666666665
3 0.60875 0.9183333333333333 0.01875 0.025
3 0.623125 0.69 0.0125 0.016666666666666666
3 0.0178125 0.35375 0.013125 0.0175
3 0.6209375 0.2841666666666667 0.015625 0.021666666666666667
3 0.1046875 0.5625 0.016875 0.023333333333333334
3 0.1153125 0.93125 0.018125 0.024166666666666666
3 0.7259375 0.34541666666666665 0.018125 0.024166666666666666
3 0.941875 0.6083333333333333 0.01 0.011666666666666667
3 0.54625 0.8875 0.01 0.011666666666666667
3 0.6071875 0.2579166666666667 0.013125 0.0175
3 0.450625 0.27541666666666664 0.0125 0.015833333333333335
3 0.1103125 0.53125 0.009375 0.014166666666666666
3 0.088125 0.42791666666666667 0.0125 0.015833333333333335
3 0.6784375 0.022916666666666665 0.010625 0.014166666666666666
3 0.6209375 0.03125 0.010625 0.014166666666666666
3 0.8515625 0.6391666666666667 0.008125 0.011666666666666667
3 0.138125 0.6204166666666666 0.01 0.0125
3 0.243125 0.3329166666666667 0.01 0.0125
3 0.9915625 0.51125 0.011875 0.015833333333333335
3 0.1021875 0.08958333333333333 0.011875 0.015833333333333335
3 0.0371875 0.08541666666666667 0.011875 0.015833333333333335
3 0.8740625 0.20291666666666666 0.011875 0.015833333333333335
3 0.569375 0.6341666666666667 0.0175 0.023333333333333334
3 0.6265625 0.9358333333333333 0.015625 0.02
3 0.2784375 0.32375 0.018125 0.024166666666666666
3 0.0171875 0.08291666666666667 0.010625 0.014166666666666666
3 0.403125 0.635 0.01 0.013333333333333334
3 0.885 0.6525 0.00875 0.011666666666666667
3 0.583125 0.6208333333333333 0.01 0.013333333333333334
3 0.299375 0.26666666666666666 0.00875 0.01
3 0.4440625 0.058333333333333334 0.009375 0.011666666666666667
3 0.124375 0.6295833333333334 0.01125 0.014166666666666666
3 0.794375 0.7204166666666667 0.01125 0.014166666666666666
3 0.7990625 0.5004166666666666 0.005625 0.0075
3 0.599375 0.014166666666666666 0.00625 0.008333333333333333
3 0.985625 0.025 0.0075 0.01
3 0.2290625 0.9195833333333333 0.008125 0.010833333333333334
3 0.4159375 0.07375 0.018125 0.0225
3 0.3353125 0.3904166666666667 0.016875 0.0175
3 0.64875 0.4483333333333333 0.01625 0.016666666666666666
3 0.32375 0.9175 0.00875 0.011666666666666667
3 0.4175 0.8291666666666667 0.00875 0.011666666666666667
3 0.1740625 0.1225 0.013125 0.016666666666666666
3 0.7546875 0.5754166666666667 0.008125 0.014166666666666666
3 0.7246875 0.225 0.010625 0.016666666666666666
3 0.7128125 0.5104166666666666 0.013125 0.015833333333333335
3 0.086875 0.9679166666666666 0.0075 0.0125
3 0.99125 0.8054166666666667 0.01125 0.015833333333333335
3 0.41875 0.71125 0.01125 0.015833333333333335
3 0.4221875 0.9395833333333333 0.011875 0.014166666666666666
3 0.7790625 0.39916666666666667 0.019375 0.025
3 0.4709375 0.7979166666666667 0.019375 0.025833333333333333
3 0.0490625 0.5904166666666667 0.019375 0.025833333333333333
3 0.6834375 0.33416666666666667 0.016875 0.021666666666666667
3 0.705625 0.8729166666666667 0.01875 0.025833333333333333
3 0.840625 0.7158333333333333 0.0125 0.016666666666666666
3 0.47125 0.04416666666666667 0.0125 0.016666666666666666
3 0.706875 0.23666666666666666 0.0125 0.016666666666666666
3 0.203125 0.7066666666666667 0.0125 0.016666666666666666
3 0.1609375 0.03791666666666667 0.011875 0.015833333333333335
3 0.15 0.5408333333333334 0.0125 0.016666666666666666
3 0.82875 0.18041666666666667 0.02125 0.034166666666666665
3 0.9328125 0.9375 0.025625 0.028333333333333332
3 0.5178125 0.48583333333333334 0.019375 0.03166666666666667
3 0.2146875 0.9291666666666667 0.020625 0.03333333333333333
3 0.5878125 0.6916666666666667 0.028125 0.035
3 0.180625 0.38916666666666666 0.01 0.013333333333333334
3 0.88125 0.9816666666666667 0.01 0.013333333333333334
3 0.334375 0.67125 0.00875 0.0125
