2 0.5116666666666667 0.39166666666666666 0.041666666666666664 0.08
2 0.7191666666666666 0.7133333333333334 0.041666666666666664 0.08
2 0.38666666666666666 0.18833333333333332 0.035 0.05333333333333334
2 0.5 0.4125 0.035 0.055
2 0.9158333333333334 0.615 0.035 0.06666666666666667
2 0.18416666666666667 0.04833333333333333 0.03333333333333333 0.07
2 0.04708333333333333 0.33 0.0325 0.07
2 0.4841666666666667 0.3491666666666667 0.025 0.021666666666666667
2 0.8470833333333333 0.855 0.0275 0.04
2 0.12791666666666668 0.765 0.0225 0.05333333333333334
2 0.3908333333333333 0.2425 0.045 0.085
2 0.66625 0.945 0.04583333333333333 0.09
2 0.6341666666666667 0.6583333333333333 0.03666666666666667 0.06666666666666667
2 0.12416666666666666 0.37166666666666665 0.041666666666666664 0.06
2 0.89125 0.23083333333333333 0.04083333333333333 0.075
2 0.37166666666666665 0.9466666666666667 0.041666666666666664 0.06666666666666667
2 0.7466666666666667 0.7183333333333334 0.041666666666666664 0.07
2 0.7716666666666666 0.7458333333333333 0.04 0.04833333333333333
2 0.2991666666666667 0.4141666666666667 0.04 0.07833333333333334
3 0.6233333333333333 0.76 0.02666666666666667 0.05333333333333334
3 0.66 0.43666666666666665 0.02666666666666667 0.05333333333333334
3 0.3670833333333333 0.49916666666666665 0.024166666666666666 0.045
3 0.6208333333333333 0.19166666666666668 0.02666666666666667 0.05333333333333334
3 0.40791666666666665 0.44083333333333335 0.020833333333333332 0.045
3 0.13375 0.31416666666666665 0.024166666666666666 0.04833333333333333
3 0.43291666666666667 0.09333333333333334 0.024166666666666666 0.05
3 0.18458333333333332 0.8975 0.015833333333333335 0.028333333333333332
3 0.8216666666666667 0.5308333333333334 0.018333333333333333 0.035
3 0.09916666666666667 0.7733333333333333 0.02 0.04
3 0.3466666666666667 0.7191666666666666 0.013333333333333334 0.025
3 0.46708333333333335 0.37416666666666665 0.014166666666666666 0.028333333333333332
3 0.6491666666666667 0.84 0.016666666666666666 0.03666666666666667
3 0.4741666666666667 0.51 0.016666666666666666 0.03666666666666667
3 0.17583333333333334 0.325 0.016666666666666666 0.03
3 0.38708333333333333 0.47 0.0125 0.03
3 0.9820833333333333 0.5708333333333333 0.019166666666666665 0.03833333333333333
3 0.39625 0.9566666666666667 0.0175 0.03666666666666667
3 0.18666666666666668 0.5175 0.02 0.041666666666666664
3 0.16291666666666665 0.6716666666666666 0.020833333333333332 0.043333333333333335
3 0.78375 0.15333333333333332 0.0225 0.043333333333333335
3 0.27166666666666667 0.37666666666666665 0.018333333333333333 0.04
3 0.95125 0.43416666666666665 0.0175 0.03833333333333333
3 0.8408333333333333 0.4325 0.011666666666666667 0.021666666666666667
3 0.26 0.49166666666666664 0.01 0.023333333333333334
3 0.4354166666666667 0.5325 0.0125 0.021666666666666667
3 0.27458333333333335 0.31166666666666665 0.0175 0.03333333333333333
3 0.48291666666666666 0.13583333333333333 0.014166666666666666 0.03166666666666667
3 0.2683333333333333 0.1575 0.018333333333333333 0.035
3 0.8108333333333333 0.1875 0.02 0.03833333333333333
3 0.24791666666666667 0.056666666666666664 0.0175 0.03333333333333333
3 0.0375 0.16583333333333333 0.011666666666666667 0.021666666666666667
3 0.5520833333333334 0.7016666666666667 0.009166666666666667 0.016666666666666666
3 0.14666666666666667 0.44166666666666665 0.018333333333333333 0.03666666666666667
3 0.1225 0.4666666666666667 0.018333333333333333 0.03666666666666667
3 0.5345833333333333 0.31833333333333336 0.015833333333333335 0.03333333333333333
3 0.8258333333333333 0.7566666666666667 0.016666666666666666 0.03333333333333333
3 0.99 0.12 0.02 0.04
3 0.96625 0.9475 0.020833333333333332 0.041666666666666664
3 0.5783333333333334 0.10166666666666667 0.018333333333333333 0.03666666666666667
3 0.08458333333333333 0.22416666666666665 0.020833333333333332 0.041666666666666664
3 0.9495833333333333 0.5308333333333334 0.010833333333333334 0.021666666666666667
3 0.51375 0.49083333333333334 0.014166666666666666 0.028333333333333332
3 0.5595833333333333 0.5875 0.014166666666666666 0.028333333333333332
3 0.7725 0.19333333333333333 0.01 0.02
3 0.43583333333333335 0.9416666666666667 0.011666666666666667 0.023333333333333334
3 0.81875 0.8008333333333333 0.009166666666666667 0.021666666666666667
3 0.23166666666666666 0.5541666666666667 0.013333333333333334 0.025
3 0.07833333333333334 0.7491666666666666 0.013333333333333334 0.025
3 0.8675 0.2608333333333333 0.013333333333333334 0.025
3 0.9329166666666666 0.7925 0.009166666666666667 0.021666666666666667
3 0.6270833333333333 0.13083333333333333 0.009166666666666667 0.021666666666666667
3 0.7483333333333333 0.5433333333333333 0.01 0.023333333333333334
3 0.9779166666666667 0.6683333333333333 0.009166666666666667 0.02
3 0.014166666666666666 0.94 0.011666666666666667 0.023333333333333334
3 0.24208333333333334 0.1975 0.010833333333333334 0.018333333333333333
3 0.7795833333333333 0.08666666666666667 0.0125 0.02666666666666667
3 0.6783333333333333 0.8225 0.013333333333333334 0.025
3 0.5904166666666667 0.33166666666666667 0.014166666666666666 0.02666666666666667
3 0.9016666666666666 0.07916666666666666 0.021666666666666667 0.041666666666666664
3 0.5608333333333333 0.34 0.021666666666666667 0.043333333333333335
3 0.5725 0.49 0.021666666666666667 0.043333333333333335
3 0.9541666666666667 0.29 0.021666666666666667 0.043333333333333335
3 0.05875 0.9008333333333334 0.0175 0.03166666666666667
3 0.5204166666666666 0.2275 0.0175 0.03166666666666667
3 0.39416666666666667 0.6658333333333334 0.016666666666666666 0.025
3 0.14541666666666667 0.22333333333333333 0.0175 0.03666666666666667
3 0.6770833333333334 0.34 0.015833333333333335 0.023333333333333334
3 0.9779166666666667 0.725 0.0175 0.02666666666666667
3 0.29375 0.345 0.010833333333333334 0.023333333333333334
3 0.6283333333333333 0.9275 0.015 0.028333333333333332
3 0.49833333333333335 0.8391666666666666 0.011666666666666667 0.025
3 0.33458333333333334 0.1475 0.014166666666666666 0.028333333333333332
3 0.5433333333333333 0.2175 0.015 0.028333333333333332
3 0.8725 0.3875 0.013333333333333334 0.025
3 0.5179166666666667 0.24083333333333334 0.010833333333333334 0.025
3 0.86 0.7366666666666667 0.011666666666666667 0.02
3 0.7475 0.31916666666666665 0.011666666666666667 0.021666666666666667
3 0.3229166666666667 0.55 0.009166666666666667 0.023333333333333334
3 0.8220833333333334 0.42333333333333334 0.0125 0.023333333333333334
3 0.4354166666666667 0.8716666666666667 0.0125 0.023333333333333334
3 0.8741666666666666 0.9691666666666666 0.008333333333333333 0.021666666666666667
3 0.64 0.7166666666666667 0.011666666666666667 0.02
3 0.3204166666666667 0.43833333333333335 0.019166666666666665 0.03666666666666667
3 0.48875 0.3908333333333333 0.0175 0.03833333333333333
3 0.20666666666666667 0.4608333333333333 0.013333333333333334 0.03166666666666667
3 0.63875 0.8491666666666666 0.0175 0.03166666666666667
3 0.7520833333333333 0.030833333333333334 0.019166666666666665 0.03833333333333333
2 0.5870833333333333 0.255 0.0225 0.04666666666666667
2 0.6595833333333333 0.225 0.020833333333333332 0.02666666666666667
2 0.08625 0.5083333333333333 0.0125 0.04
2 0.7395833333333334 0.8533333333333334 0.0225 0.04666666666666667
2 0.05708333333333333 0.5216666666666666 0.020833333333333332 0.02666666666666667
2 0.5708333333333333 0.63 0.023333333333333334 0.03666666666666667
2 0.17458333333333334 0.8533333333333334 0.0275 0.056666666666666664
2 0.7154166666666667 0.27416666666666667 0.025833333333333333 0.051666666666666666
2 0.20875 0.8533333333333334 0.0275 0.05333333333333334
2 0.02375 0.6183333333333333 0.020833333333333332 0.043333333333333335
2 0.07291666666666667 0.24166666666666667 0.024166666666666666 0.04666666666666667
2 0.1875 0.1025 0.045 0.015
2 0.8270833333333333 0.8125 0.04416666666666667 0.051666666666666666
2 0.6429166666666667 0.55 0.0425 0.06
2 0.30375 0.6441666666666667 0.04583333333333333 0.03166666666666667
3 0.04083333333333333 0.2733333333333333 0.01 0.023333333333333334
3 0.11416666666666667 0.6783333333333333 0.008333333333333333 0.02
3 0.7408333333333333 0.45666666666666667 0.008333333333333333 0.02
3 0.5504166666666667 0.8108333333333333 0.0125 0.025
3 0.87375 0.5925 0.009166666666666667 0.021666666666666667
3 0.19333333333333333 0.23583333333333334 0.011666666666666667 0.025
3 0.8704166666666666 0.0825 0.010833333333333334 0.021666666666666667
3 0.010833333333333334 0.09333333333333334 0.01 0.02
3 0.6945833333333333 0.205 0.009166666666666667 0.02
3 0.25708333333333333 0.9783333333333334 0.009166666666666667 0.02
3 0.8479166666666667 0.7558333333333334 0.010833333333333334 0.021666666666666667
3 0.9820833333333333 0.6308333333333334 0.014166666666666666 0.028333333333333332
3 0.2708333333333333 0.5516666666666666 0.01 0.02
3 0.91875 0.2075 0.014166666666666666 0.028333333333333332
3 0.13625 0.020833333333333332 0.014166666666666666 0.028333333333333332
3 0.5391666666666667 0.15833333333333333 0.01 0.02
3 0.5379166666666667 0.3325 0.014166666666666666 0.028333333333333332
3 0.29291666666666666 0.73 0.010833333333333334 0.02
3 0.9254166666666667 0.605 0.009166666666666667 0.016666666666666666
3 0.705 0.38666666666666666 0.011666666666666667 0.023333333333333334
3 0.6441666666666667 0.3383333333333333 0.006666666666666667 0.013333333333333334
3 0.4475 0.38666666666666666 0.005 0.01
3 0.6066666666666667 0.5233333333333333 0.006666666666666667 0.013333333333333334
3 0.03125 0.23833333333333334 0.0075 0.016666666666666666
3 0.1475 0.5158333333333334 0.008333333333333333 0.015
3 0.4091666666666667 0.41083333333333333 0.008333333333333333 0.018333333333333333
3 0.4170833333333333 0.36 0.0075 0.016666666666666666
3 0.44625 0.12166666666666667 0.005833333333333334 0.013333333333333334
3 0.9025 0.81 0.006666666666666667 0.013333333333333334
3 0.52125 0.30666666666666664 0.0075 0.016666666666666666
3 0.5570833333333334 0.034166666666666665 0.0075 0.015
3 0.39416666666666667 0.6841666666666667 0.006666666666666667 0.015
3 0.0975 0.7975 0.006666666666666667 0.015
3 0.37875 0.9191666666666667 0.010833333333333334 0.021666666666666667
3 0.6216666666666667 0.675 0.01 0.02
3 0.049166666666666664 0.795 0.008333333333333333 0.016666666666666666
3 0.4325 0.05 0.011666666666666667 0.023333333333333334
3 0.76125 0.9475 0.0125 0.025
3 0.6316666666666667 0.30083333333333334 0.01 0.021666666666666667
3 0.10958333333333334 0.895 0.009166666666666667 0.02
3 0.59625 0.23916666666666667 0.009166666666666667 0.018333333333333333
3 0.30541666666666667 0.6141666666666666 0.009166666666666667 0.015
3 0.24375 0.6841666666666667 0.0075 0.018333333333333333
3 0.43583333333333335 0.12833333333333333 0.008333333333333333 0.013333333333333334
3 0.05458333333333333 0.4558333333333333 0.009166666666666667 0.018333333333333333
3 0.12916666666666668 0.93 0.006666666666666667 0.016666666666666666
3 0.8470833333333333 0.12416666666666666 0.009166666666666667 0.018333333333333333
3 0.41 0.7783333333333333 0.006666666666666667 0.016666666666666666
3 0.47375 0.9766666666666667 0.009166666666666667 0.016666666666666666
3 0.8283333333333334 0.235 0.008333333333333333 0.016666666666666666
3 0.7766666666666666 0.5616666666666666 0.008333333333333333 0.016666666666666666
3 0.4525 0.15833333333333333 0.008333333333333333 0.016666666666666666
3 0.775 0.7958333333333333 0.006666666666666667 0.015
3 0.10166666666666667 0.44666666666666666 0.008333333333333333 0.016666666666666666
3 0.31625 0.25833333333333336 0.0075 0.013333333333333334
3 0.42541666666666667 0.016666666666666666 0.0075 0.016666666666666666
3 0.1725 0.6808333333333333 0.01 0.018333333333333333
3 0.7204166666666667 0.2775 0.009166666666666667 0.018333333333333333
3 0.5558333333333333 0.15666666666666668 0.01 0.02
3 0.6883333333333334 0.985 0.01 0.02
3 0.79625 0.1525 0.010833333333333334 0.021666666666666667
3 0.3225 0.8883333333333333 0.008333333333333333 0.016666666666666666
3 0.75 0.065 0.01 0.02
3 0.67375 0.3325 0.009166666666666667 0.018333333333333333
3 0.2841666666666667 0.265 0.01 0.02
3 0.12708333333333333 0.875 0.009166666666666667 0.02
3 0.0925 0.905 0.01 0.02
3 0.25083333333333335 0.9766666666666667 0.01 0.02
3 0.47791666666666666 0.105 0.009166666666666667 0.016666666666666666
3 0.2475 0.23916666666666667 0.008333333333333333 0.018333333333333333
3 0.14666666666666667 0.6966666666666667 0.023333333333333334 0.04666666666666667
3 0.24541666666666667 0.9741666666666666 0.019166666666666665 0.03833333333333333
3 0.5379166666666667 0.6408333333333334 0.020833333333333332 0.041666666666666664
3 0.4170833333333333 0.9341666666666667 0.019166666666666665 0.03833333333333333
3 0.34708333333333335 0.2758333333333333 0.0225 0.045
3 0.5979166666666667 0.6241666666666666 0.024166666666666666 0.04833333333333333
3 0.2966666666666667 0.97 0.01 0.02
3 0.9025 0.16166666666666665 0.01 0.02
3 0.9195833333333333 0.9241666666666667 0.010833333333333334 0.021666666666666667
3 0.5720833333333334 0.33 0.005833333333333334 0.01
3 0.5254166666666666 0.9608333333333333 0.005833333333333334 0.008333333333333333
3 0.5625 0.5491666666666667 0.005 0.011666666666666667
3 0.13666666666666666 0.49916666666666665 0.005 0.008333333333333333
3 0.63125 0.12583333333333332 0.005833333333333334 0.008333333333333333
3 0.28125 0.545 0.0075 0.016666666666666666
3 0.17625 0.4041666666666667 0.009166666666666667 0.018333333333333333
3 0.19291666666666665 0.2575 0.009166666666666667 0.018333333333333333
3 0.3358333333333333 0.3 0.008333333333333333 0.016666666666666666
3 0.09875 0.9191666666666667 0.009166666666666667 0.018333333333333333
3 0.22541666666666665 0.19333333333333333 0.005833333333333334 0.013333333333333334
3 0.9291666666666667 0.625 0.008333333333333333 0.016666666666666666
3 0.35625 0.6191666666666666 0.009166666666666667 0.015
3 0.44125 0.1125 0.009166666666666667 0.018333333333333333
3 0.7754166666666666 0.3641666666666667 0.009166666666666667 0.018333333333333333
3 0.20541666666666666 0.008333333333333333 0.0075 0.016666666666666666
3 0.07208333333333333 0.34 0.0075 0.013333333333333334
3 0.1975 0.43 0.008333333333333333 0.013333333333333334
3 0.7508333333333334 0.15583333333333332 0.008333333333333333 0.015
3 0.2520833333333333 0.185 0.009166666666666667 0.016666666666666666
3 0.63875 0.4241666666666667 0.009166666666666667 0.018333333333333333
3 0.9908333333333333 0.3 0.008333333333333333 0.016666666666666666
3 0.75875 0.17166666666666666 0.014166666666666666 0.02666666666666667
3 0.5504166666666667 0.14583333333333334 0.014166666666666666 0.028333333333333332
3 0.8733333333333333 0.2575 0.013333333333333334 0.025
3 0.07875 0.6808333333333333 0.014166666666666666 0.028333333333333332
3 0.4970833333333333 0.7983333333333333 0.0075 0.013333333333333334
3 0.39958333333333335 0.2816666666666667 0.0075 0.013333333333333334
3 0.7641666666666667 0.2475 0.006666666666666667 0.011666666666666667
3 0.9420833333333334 0.6858333333333333 0.0075 0.015
3 0.24458333333333335 0.03916666666666667 0.010833333333333334 0.021666666666666667
3 0.89875 0.6741666666666667 0.009166666666666667 0.018333333333333333
3 0.23041666666666666 0.9825 0.009166666666666667 0.018333333333333333
3 0.8520833333333333 0.7041666666666667 0.009166666666666667 0.018333333333333333
3 0.4795833333333333 0.4275 0.010833333333333334 0.021666666666666667
3 0.9341666666666667 0.595 0.006666666666666667 0.013333333333333334
3 0.20625 0.37083333333333335 0.0075 0.015
3 0.09375 0.5875 0.0075 0.015
3 0.57875 0.5625 0.0075 0.015
3 0.4970833333333333 0.9458333333333333 0.009166666666666667 0.018333333333333333
3 0.32125 0.2891666666666667 0.010833333333333334 0.021666666666666667
3 0.24041666666666667 0.29083333333333333 0.009166666666666667 0.018333333333333333
3 0.6554166666666666 0.7758333333333334 0.010833333333333334 0.021666666666666667
3 0.7529166666666667 0.9741666666666666 0.010833333333333334 0.021666666666666667
3 0.9816666666666667 0.5766666666666667 0.01 0.02
3 0.6979166666666666 0.2916666666666667 0.010833333333333334 0.02
3 0.2808333333333333 0.8858333333333334 0.01 0.018333333333333333
3 0.6925 0.7291666666666666 0.011666666666666667 0.025
3 0.9216666666666666 0.7791666666666667 0.01 0.021666666666666667
3 0.3125 0.19583333333333333 0.008333333333333333 0.018333333333333333
3 0.89125 0.7091666666666666 0.009166666666666667 0.015
3 0.46125 0.7641666666666667 0.0075 0.018333333333333333
3 0.041666666666666664 0.37666666666666665 0.01 0.02
3 0.7445833333333334 0.9608333333333333 0.009166666666666667 0.018333333333333333
3 0.3229166666666667 0.6975 0.009166666666666667 0.018333333333333333
3 0.43333333333333335 0.7616666666666667 0.008333333333333333 0.016666666666666666
3 0.20833333333333334 0.6716666666666666 0.008333333333333333 0.016666666666666666
3 0.6783333333333333 0.18 0.01 0.02
3 0.2675 0.7116666666666667 0.01 0.02
3 0.68875 0.9858333333333333 0.009166666666666667 0.018333333333333333
3 0.8704166666666666 0.2625 0.010833333333333334 0.021666666666666667
3 0.03833333333333333 0.8791666666666667 0.01 0.021666666666666667
3 0.11666666666666667 0.2941666666666667 0.01 0.018333333333333333
3 0.0975 0.5891666666666666 0.008333333333333333 0.018333333333333333
3 0.8558333333333333 0.6875 0.01 0.018333333333333333
3 0.62625 0.24083333333333334 0.010833333333333334 0.021666666666666667
3 0.9770833333333333 0.8225 0.010833333333333334 0.021666666666666667
3 0.31 0.5883333333333334 0.01 0.02
3 0.84125 0.36083333333333334 0.009166666666666667 0.018333333333333333
3 0.9229166666666667 0.5241666666666667 0.010833333333333334 0.021666666666666667
3 0.4583333333333333 0.6733333333333333 0.01 0.02
3 0.18 0.7466666666666667 0.005 0.01
3 0.79125 0.6233333333333333 0.004166666666666667 0.01
3 0.34291666666666665 0.6041666666666666 0.005833333333333334 0.011666666666666667
3 0.44333333333333336 0.1 0.006666666666666667 0.013333333333333334
3 0.5325 0.6016666666666667 0.006666666666666667 0.013333333333333334
3 0.4141666666666667 0.97 0.005 0.006666666666666667
3 0.18375 0.09916666666666667 0.005833333333333334 0.011666666666666667
3 0.28041666666666665 0.10833333333333334 0.005833333333333334 0.01
3 0.36583333333333334 0.25416666666666665 0.005 0.011666666666666667
3 0.07708333333333334 0.31166666666666665 0.004166666666666667 0.01
3 0.1025 0.37916666666666665 0.005 0.008333333333333333
3 0.57125 0.47333333333333333 0.004166666666666667 0.01
3 0.01125 0.9083333333333333 0.004166666666666667 0.006666666666666667
3 0.5091666666666667 0.49833333333333335 0.006666666666666667 0.013333333333333334
3 0.049166666666666664 0.8066666666666666 0.006666666666666667 0.013333333333333334
3 0.04083333333333333 0.31333333333333335 0.005 0.01
3 0.38083333333333336 0.43833333333333335 0.008333333333333333 0.016666666666666666
3 0.69 0.09333333333333334 0.008333333333333333 0.016666666666666666
3 0.09458333333333334 0.38916666666666666 0.009166666666666667 0.018333333333333333
3 0.9754166666666667 0.034166666666666665 0.0075 0.015
3 0.5641666666666667 0.8308333333333333 0.008333333333333333 0.018333333333333333
3 0.16708333333333333 0.4425 0.010833333333333334 0.021666666666666667
3 0.7266666666666667 0.35833333333333334 0.008333333333333333 0.016666666666666666
3 0.2704166666666667 0.3825 0.009166666666666667 0.018333333333333333
3 0.15791666666666668 0.5075 0.010833333333333334 0.021666666666666667
3 0.825 0.38333333333333336 0.01 0.02
3 0.8741666666666666 0.8083333333333333 0.01 0.02
3 0.31875 0.09416666666666666 0.010833333333333334 0.021666666666666667
3 0.11916666666666667 0.965 0.008333333333333333 0.016666666666666666
3 0.8854166666666666 0.11416666666666667 0.010833333333333334 0.021666666666666667
3 0.22625 0.83 0.0075 0.013333333333333334
3 0.8345833333333333 0.7075 0.0075 0.015
3 0.07958333333333334 0.08916666666666667 0.0075 0.015
3 0.6195833333333334 0.49166666666666664 0.005833333333333334 0.01
3 0.5991666666666666 0.24583333333333332 0.006666666666666667 0.015
3 0.9904166666666666 0.2808333333333333 0.0075 0.015
3 0.12875 0.4375 0.0075 0.015
3 0.09625 0.035833333333333335 0.0075 0.015
3 0.8254166666666667 0.1475 0.0075 0.015
3 0.7729166666666667 0.1425 0.005833333333333334 0.011666666666666667
3 0.70375 0.19916666666666666 0.0075 0.015
3 0.044583333333333336 0.25916666666666666 0.010833333333333334 0.021666666666666667
3 0.38875 0.9041666666666667 0.010833333333333334 0.021666666666666667
3 0.42625 0.28583333333333333 0.010833333333333334 0.021666666666666667
3 0.46041666666666664 0.4716666666666667 0.0125 0.023333333333333334
3 0.6341666666666667 0.18583333333333332 0.011666666666666667 0.021666666666666667
3 0.08083333333333333 0.3566666666666667 0.011666666666666667 0.023333333333333334
3 0.6608333333333334 0.44416666666666665 0.011666666666666667 0.021666666666666667
3 0.36541666666666667 0.8908333333333334 0.010833333333333334 0.021666666666666667
3 0.057916666666666665 0.7008333333333333 0.010833333333333334 0.021666666666666667
3 0.9345833333333333 0.9016666666666666 0.010833333333333334 0.02
3 0.3225 0.4691666666666667 0.01 0.021666666666666667
3 0.7858333333333334 0.14333333333333334 0.01 0.02
3 0.06625 0.5658333333333333 0.010833333333333334 0.021666666666666667
3 0.3433333333333333 0.6766666666666666 0.008333333333333333 0.016666666666666666
3 0.3645833333333333 0.9175 0.0075 0.015
3 0.8095833333333333 0.11083333333333334 0.010833333333333334 0.021666666666666667
3 0.7654166666666666 0.5625 0.010833333333333334 0.021666666666666667
3 0.4170833333333333 0.1375 0.009166666666666667 0.018333333333333333
3 0.4891666666666667 0.37 0.01 0.02
3 0.19541666666666666 0.6666666666666666 0.005833333333333334 0.013333333333333334
3 0.5720833333333334 0.6783333333333333 0.0075 0.013333333333333334
3 0.29 0.0375 0.006666666666666667 0.011666666666666667
3 0.37875 0.7191666666666666 0.0075 0.015
3 0.45666666666666667 0.5433333333333333 0.005 0.01
3 0.5491666666666667 0.9925 0.005 0.008333333333333333
3 0.015 0.7583333333333333 0.005 0.01
3 0.5516666666666666 0.8391666666666666 0.005 0.008333333333333333
3 0.9920833333333333 0.03666666666666667 0.004166666666666667 0.006666666666666667
3 0.10083333333333333 0.765 0.006666666666666667 0.013333333333333334
3 0.9566666666666667 0.12166666666666667 0.005 0.01
3 0.9516666666666667 0.6983333333333334 0.006666666666666667 0.013333333333333334
3 0.7416666666666667 0.395 0.006666666666666667 0.013333333333333334
3 0.04583333333333333 0.6966666666666667 0.005 0.01
3 0.75375 0.4275 0.005833333333333334 0.011666666666666667
3 0.4325 0.03166666666666667 0.005 0.01
3 0.7675 0.8091666666666667 0.0033333333333333335 0.008333333333333333
3 0.07541666666666667 0.4675 0.005833333333333334 0.011666666666666667
3 0.7370833333333333 0.1025 0.005833333333333334 0.011666666666666667
3 0.8995833333333333 0.3325 0.005833333333333334 0.011666666666666667
3 0.72 0.52 0.006666666666666667 0.013333333333333334
3 0.36541666666666667 0.3075 0.005833333333333334 0.011666666666666667
3 0.1125 0.4583333333333333 0.008333333333333333 0.016666666666666666
3 0.23583333333333334 0.12 0.008333333333333333 0.016666666666666666
3 0.26166666666666666 0.9558333333333333 0.008333333333333333 0.018333333333333333
3 0.97 0.8216666666666667 0.008333333333333333 0.016666666666666666
3 0.71375 0.8516666666666667 0.005833333333333334 0.013333333333333334
3 0.9483333333333334 0.89 0.005 0.01
3 0.9020833333333333 0.8875 0.005833333333333334 0.011666666666666667
3 0.8495833333333334 0.6775 0.005833333333333334 0.011666666666666667
3 0.3441666666666667 0.6666666666666666 0.006666666666666667 0.013333333333333334
3 0.115 0.8766666666666667 0.005 0.01
3 0.595 0.225 0.006666666666666667 0.013333333333333334
3 0.5870833333333333 0.6691666666666667 0.009166666666666667 0.018333333333333333
3 0.7420833333333333 0.0425 0.009166666666666667 0.018333333333333333
3 0.7920833333333334 0.6241666666666666 0.009166666666666667 0.018333333333333333
3 0.78625 0.5691666666666667 0.005833333333333334 0.015
3 0.23875 0.37083333333333335 0.009166666666666667 0.018333333333333333
3 0.33916666666666667 0.6225 0.006666666666666667 0.015
3 0.81 0.25083333333333335 0.006666666666666667 0.015
3 0.31375 0.2783333333333333 0.0075 0.016666666666666666
3 0.16208333333333333 0.12166666666666667 0.005833333333333334 0.013333333333333334
3 0.44416666666666665 0.0275 0.008333333333333333 0.018333333333333333
3 0.04875 0.43833333333333335 0.0075 0.013333333333333334
3 0.20833333333333334 0.35833333333333334 0.006666666666666667 0.013333333333333334
3 0.97875 0.5725 0.005833333333333334 0.011666666666666667
3 0.49833333333333335 0.8916666666666667 0.006666666666666667 0.013333333333333334
3 0.44083333333333335 0.095 0.006666666666666667 0.013333333333333334
3 0.21166666666666667 0.3516666666666667 0.006666666666666667 0.013333333333333334
3 0.155 0.8083333333333333 0.01 0.02
3 0.23041666666666666 0.0325 0.010833333333333334 0.021666666666666667
3 0.6779166666666666 0.3075 0.0075 0.015
3 0.52375 0.8975 0.0075 0.015
3 0.5225 0.595 0.01 0.02
3 0.93875 0.9391666666666667 0.0075 0.015
3 0.39666666666666667 0.48583333333333334 0.006666666666666667 0.015
3 0.5779166666666666 0.8675 0.009166666666666667 0.018333333333333333
3 0.6541666666666667 0.18916666666666668 0.01 0.018333333333333333
3 0.6154166666666666 0.30083333333333334 0.010833333333333334 0.021666666666666667
3 0.41625 0.7758333333333334 0.010833333333333334 0.021666666666666667
3 0.9920833333333333 0.47583333333333333 0.010833333333333334 0.021666666666666667
3 0.32458333333333333 0.7491666666666666 0.010833333333333334 0.021666666666666667
3 0.32458333333333333 0.2708333333333333 0.0075 0.015
3 0.7845833333333333 0.13833333333333334 0.005833333333333334 0.01
3 0.0525 0.39 0.006666666666666667 0.013333333333333334
3 0.2825 0.6016666666666667 0.006666666666666667 0.013333333333333334
3 0.515 0.87 0.006666666666666667 0.013333333333333334
3 0.6083333333333333 0.9233333333333333 0.006666666666666667 0.013333333333333334
3 0.6991666666666667 0.595 0.005 0.01
3 0.2841666666666667 0.9116666666666666 0.005 0.01
3 0.0875 0.9425 0.0033333333333333335 0.008333333333333333
3 0.8733333333333333 0.8525 0.005 0.008333333333333333
3 0.86 0.8883333333333333 0.005 0.01
3 0.3933333333333333 0.115 0.005 0.01
3 0.155 0.3258333333333333 0.005 0.008333333333333333
3 0.9708333333333333 0.9408333333333333 0.0033333333333333335 0.008333333333333333
3 0.465 0.8308333333333333 0.005 0.008333333333333333
3 0.11583333333333333 0.475 0.005 0.01
3 0.6516666666666666 0.5791666666666667 0.005 0.008333333333333333
3 0.665 0.11833333333333333 0.005 0.01
3 0.014166666666666666 0.8933333333333333 0.006666666666666667 0.013333333333333334
3 0.25416666666666665 0.9033333333333333 0.005 0.01
3 0.22583333333333333 0.6933333333333334 0.006666666666666667 0.013333333333333334
3 0.9925 0.74 0.006666666666666667 0.013333333333333334
3 0.2866666666666667 0.30666666666666664 0.006666666666666667 0.013333333333333334
3 0.6625 0.13333333333333333 0.006666666666666667 0.013333333333333334
3 0.47 0.8016666666666666 0.005 0.01
3 0.4579166666666667 0.006666666666666667 0.004166666666666667 0.01
3 0.3516666666666667 0.7716666666666666 0.005 0.01
3 0.6566666666666666 0.8466666666666667 0.005 0.01
3 0.028333333333333332 0.9716666666666667 0.005 0.01
3 0.7975 0.96 0.005 0.01
3 0.8154166666666667 0.3958333333333333 0.005833333333333334 0.011666666666666667
3 0.6283333333333333 0.07166666666666667 0.006666666666666667 0.013333333333333334
3 0.02666666666666667 0.32166666666666666 0.006666666666666667 0.013333333333333334
3 0.7466666666666667 0.41833333333333333 0.006666666666666667 0.013333333333333334
3 0.955 0.25166666666666665 0.006666666666666667 0.013333333333333334
3 0.38 0.47 0.008333333333333333 0.016666666666666666
3 0.21541666666666667 0.10083333333333333 0.0075 0.015
3 0.24125 0.10416666666666667 0.019166666666666665 0.041666666666666664
3 0.8104166666666667 0.4075 0.0175 0.021666666666666667
3 0.5441666666666667 0.665 0.011666666666666667 0.03666666666666667
3 0.39958333333333335 0.9175 0.020833333333333332 0.03833333333333333
3 0.06416666666666666 0.3475 0.008333333333333333 0.018333333333333333
3 0.8295833333333333 0.0475 0.009166666666666667 0.018333333333333333
3 0.9616666666666667 0.8608333333333333 0.008333333333333333 0.018333333333333333
3 0.6325 0.08 0.006666666666666667 0.016666666666666666
3 0.5370833333333334 0.9458333333333333 0.009166666666666667 0.015
3 0.8195833333333333 0.7691666666666667 0.005833333333333334 0.011666666666666667
3 0.4116666666666667 0.22333333333333333 0.006666666666666667 0.013333333333333334
3 0.54875 0.27416666666666667 0.009166666666666667 0.018333333333333333
3 0.54625 0.9341666666666667 0.009166666666666667 0.018333333333333333
3 0.7370833333333333 0.9233333333333333 0.0075 0.016666666666666666
3 0.355 0.4508333333333333 0.01 0.021666666666666667
3 0.46416666666666667 0.9125 0.01 0.021666666666666667
3 0.48625 0.5791666666666667 0.010833333333333334 0.021666666666666667
3 0.46041666666666664 0.525 0.010833333333333334 0.02
3 0.6895833333333333 0.14 0.009166666666666667 0.016666666666666666
3 0.7633333333333333 0.5266666666666666 0.01 0.02
3 0.19541666666666666 0.6275 0.010833333333333334 0.021666666666666667
3 0.5070833333333333 0.2625 0.0125 0.025
3 0.20208333333333334 0.2833333333333333 0.0125 0.02666666666666667
3 0.17041666666666666 0.6725 0.010833333333333334 0.025
3 0.255 0.6808333333333333 0.013333333333333334 0.025
3 0.9658333333333333 0.07083333333333333 0.011666666666666667 0.021666666666666667
3 0.10333333333333333 0.7191666666666666 0.011666666666666667 0.025
3 0.3025 0.16666666666666666 0.008333333333333333 0.016666666666666666
3 0.9316666666666666 0.9866666666666667 0.008333333333333333 0.016666666666666666
3 0.4975 0.165 0.008333333333333333 0.016666666666666666
3 0.15833333333333333 0.14833333333333334 0.01 0.02
3 0.9179166666666667 0.9158333333333334 0.0075 0.015
3 0.78125 0.9625 0.010833333333333334 0.021666666666666667
3 0.37916666666666665 0.8658333333333333 0.01 0.021666666666666667
3 0.22875 0.4675 0.0125 0.025
3 0.9270833333333334 0.9391666666666667 0.0125 0.025
3 0.46458333333333335 0.4658333333333333 0.0125 0.025
