2 0.9458333333333333 0.13833333333333334 0.03 0.07
2 0.2275 0.24416666666666667 0.041666666666666664 0.085
2 0.6020833333333333 0.7208333333333333 0.04083333333333333 0.085
2 0.6195833333333334 0.17916666666666667 0.0425 0.085
2 0.18208333333333335 0.3175 0.024166666666666666 0.06833333333333333
2 0.5504166666666667 0.4083333333333333 0.019166666666666665 0.06333333333333334
2 0.85125 0.7933333333333333 0.0275 0.04
2 0.5825 0.9725 0.02666666666666667 0.028333333333333332
2 0.07875 0.5166666666666667 0.025833333333333333 0.02666666666666667
2 0.60125 0.9425 0.014166666666666666 0.051666666666666666
2 0.975 0.7841666666666667 0.04 0.085
2 0.22375 0.7016666666666667 0.0475 0.09666666666666666
2 0.11666666666666667 0.9133333333333333 0.04833333333333333 0.09666666666666666
2 0.6841666666666667 0.6466666666666666 0.04833333333333333 0.09666666666666666
2 0.050833333333333335 0.66 0.03833333333333333 0.08
2 0.675 0.4675 0.04 0.07833333333333334
2 0.049166666666666664 0.3983333333333333 0.03833333333333333 0.04
2 0.2 0.33166666666666667 0.023333333333333334 0.08
2 0.4575 0.5525 0.028333333333333332 0.08166666666666667
2 0.40875 0.9033333333333333 0.035833333333333335 0.08333333333333333
3 0.8645833333333334 0.06416666666666666 0.019166666666666665 0.041666666666666664
3 0.10708333333333334 0.25166666666666665 0.024166666666666666 0.04666666666666667
3 0.91875 0.6541666666666667 0.020833333333333332 0.03833333333333333
3 0.9141666666666667 0.93 0.018333333333333333 0.04
3 0.29291666666666666 0.5925 0.0225 0.045
3 0.6333333333333333 0.5691666666666667 0.023333333333333334 0.04833333333333333
3 0.33458333333333334 0.2608333333333333 0.020833333333333332 0.041666666666666664
3 0.985 0.6866666666666666 0.025 0.05
3 0.46875 0.815 0.024166666666666666 0.05
3 0.5345833333333333 0.7541666666666667 0.024166666666666666 0.04833333333333333
3 0.6208333333333333 0.36333333333333334 0.02 0.04
3 0.8916666666666667 0.9075 0.018333333333333333 0.03833333333333333
3 0.032916666666666664 0.6341666666666667 0.0175 0.03166666666666667
3 0.4870833333333333 0.6583333333333333 0.0175 0.03666666666666667
3 0.09958333333333333 0.3975 0.015833333333333335 0.035
3 0.8658333333333333 0.6241666666666666 0.011666666666666667 0.025
3 0.9133333333333333 0.68 0.013333333333333334 0.02666666666666667
3 0.8108333333333333 0.30083333333333334 0.011666666666666667 0.021666666666666667
3 0.8558333333333333 0.7516666666666667 0.018333333333333333 0.03333333333333333
3 0.3416666666666667 0.5341666666666667 0.013333333333333334 0.03166666666666667
3 0.9691666666666666 0.7066666666666667 0.023333333333333334 0.04666666666666667
3 0.20125 0.6425 0.0225 0.041666666666666664
3 0.6266666666666667 0.05333333333333334 0.023333333333333334 0.04666666666666667
3 0.505 0.7058333333333333 0.021666666666666667 0.041666666666666664
3 0.7104166666666667 0.39 0.019166666666666665 0.04
3 0.7154166666666667 0.7425 0.019166666666666665 0.035
3 0.8541666666666666 0.0625 0.013333333333333334 0.025
3 0.8675 0.4925 0.013333333333333334 0.025
3 0.7433333333333333 0.34 0.02 0.04
3 0.21708333333333332 0.675 0.019166666666666665 0.03666666666666667
3 0.7391666666666666 0.4266666666666667 0.016666666666666666 0.03666666666666667
3 0.15291666666666667 0.43666666666666665 0.0175 0.03333333333333333
3 0.7641666666666667 0.7733333333333333 0.02 0.04
3 0.56 0.15333333333333332 0.02 0.04
3 0.8229166666666666 0.11833333333333333 0.009166666666666667 0.02
3 0.03 0.3275 0.01 0.021666666666666667
3 0.66375 0.39916666666666667 0.010833333333333334 0.021666666666666667
3 0.22041666666666668 0.615 0.009166666666666667 0.02
3 0.7058333333333333 0.14166666666666666 0.011666666666666667 0.023333333333333334
3 0.7570833333333333 0.8116666666666666 0.010833333333333334 0.023333333333333334
3 0.8129166666666666 0.9516666666666667 0.015833333333333335 0.03333333333333333
3 0.46125 0.9133333333333333 0.014166666666666666 0.03
3 0.9133333333333333 0.8391666666666666 0.015 0.028333333333333332
3 0.5391666666666667 0.8216666666666667 0.018333333333333333 0.03666666666666667
3 0.73875 0.2816666666666667 0.0175 0.03666666666666667
3 0.6504166666666666 0.3016666666666667 0.0125 0.02666666666666667
3 0.34791666666666665 0.21083333333333334 0.020833333333333332 0.041666666666666664
3 0.9583333333333334 0.7566666666666667 0.016666666666666666 0.03333333333333333
3 0.14125 0.4708333333333333 0.014166666666666666 0.028333333333333332
3 0.32458333333333333 0.9525 0.014166666666666666 0.028333333333333332
3 0.8395833333333333 0.8158333333333333 0.014166666666666666 0.028333333333333332
3 0.5745833333333333 0.16083333333333333 0.010833333333333334 0.021666666666666667
3 0.58375 0.2325 0.014166666666666666 0.028333333333333332
3 0.18333333333333332 0.8316666666666667 0.013333333333333334 0.02666666666666667
3 0.8354166666666667 0.665 0.0125 0.023333333333333334
3 0.3304166666666667 0.3016666666666667 0.010833333333333334 0.023333333333333334
3 0.8204166666666667 0.43833333333333335 0.0125 0.02666666666666667
3 0.9754166666666667 0.365 0.0125 0.023333333333333334
3 0.057916666666666665 0.43583333333333335 0.0125 0.025
3 0.7375 0.58 0.011666666666666667 0.02
3 0.6454166666666666 0.8625 0.0125 0.025
3 0.6591666666666667 0.10583333333333333 0.013333333333333334 0.025
3 0.385 0.385 0.011666666666666667 0.023333333333333334
3 0.5491666666666667 0.3258333333333333 0.01 0.018333333333333333
3 0.30125 0.04416666666666667 0.0125 0.025
3 0.07666666666666666 0.8758333333333334 0.01 0.021666666666666667
3 0.23958333333333334 0.4275 0.0125 0.025
3 0.43291666666666667 0.53 0.0125 0.023333333333333334
3 0.91 0.6841666666666667 0.013333333333333334 0.028333333333333332
3 0.5716666666666667 0.4116666666666667 0.013333333333333334 0.02666666666666667
3 0.675 0.5941666666666666 0.016666666666666666 0.035
3 0.27875 0.49583333333333335 0.020833333333333332 0.041666666666666664
3 0.34625 0.14083333333333334 0.0175 0.028333333333333332
3 0.9454166666666667 0.39 0.0125 0.03333333333333333
3 0.54125 0.4225 0.0175 0.028333333333333332
3 0.93375 0.36333333333333334 0.015833333333333335 0.023333333333333334
3 0.24291666666666667 0.24583333333333332 0.0175 0.028333333333333332
3 0.26666666666666666 0.24666666666666667 0.016666666666666666 0.03666666666666667
3 0.3566666666666667 0.013333333333333334 0.013333333333333334 0.02666666666666667
3 0.8704166666666666 0.7058333333333333 0.014166666666666666 0.028333333333333332
3 0.33875 0.16333333333333333 0.0125 0.023333333333333334
3 0.67375 0.44916666666666666 0.014166666666666666 0.028333333333333332
3 0.06 0.8325 0.011666666666666667 0.018333333333333333
3 0.9466666666666667 0.3258333333333333 0.011666666666666667 0.025
3 0.3525 0.2425 0.011666666666666667 0.021666666666666667
3 0.49666666666666665 0.6466666666666666 0.011666666666666667 0.02
3 0.45 0.019166666666666665 0.011666666666666667 0.025
3 0.9666666666666667 0.35083333333333333 0.008333333333333333 0.021666666666666667
3 0.9154166666666667 0.9741666666666666 0.019166666666666665 0.03833333333333333
3 0.38208333333333333 0.7891666666666667 0.0175 0.03833333333333333
3 0.7320833333333333 0.745 0.0125 0.03
3 0.33666666666666667 0.4791666666666667 0.016666666666666666 0.028333333333333332
3 0.3466666666666667 0.8491666666666666 0.018333333333333333 0.03833333333333333
2 0.1625 0.7166666666666667 0.018333333333333333 0.04666666666666667
2 0.20375 0.9 0.020833333333333332 0.02666666666666667
2 0.35333333333333333 0.30666666666666664 0.02666666666666667 0.05333333333333334
2 0.7316666666666667 0.7366666666666667 0.028333333333333332 0.056666666666666664
2 0.6054166666666667 0.9283333333333333 0.025833333333333333 0.05333333333333334
2 0.87875 0.615 0.010833333333333334 0.09
2 0.059166666666666666 0.6208333333333333 0.045 0.041666666666666664
2 0.6716666666666666 0.06 0.03333333333333333 0.08
2 0.8233333333333334 0.3416666666666667 0.045 0.04
2 0.11458333333333333 0.7941666666666667 0.04583333333333333 0.025
2 0.20125 0.8083333333333333 0.03916666666666667 0.07
3 0.5504166666666667 0.4691666666666667 0.0125 0.021666666666666667
3 0.30833333333333335 0.9066666666666666 0.011666666666666667 0.02
3 0.18 0.38333333333333336 0.01 0.023333333333333334
3 0.36375 0.985 0.0125 0.023333333333333334
3 0.95875 0.37333333333333335 0.0125 0.023333333333333334
3 0.935 0.5208333333333334 0.01 0.021666666666666667
3 0.485 0.38 0.008333333333333333 0.016666666666666666
3 0.5179166666666667 0.5741666666666667 0.010833333333333334 0.021666666666666667
3 0.17041666666666666 0.7341666666666666 0.010833333333333334 0.021666666666666667
3 0.69875 0.09416666666666666 0.010833333333333334 0.021666666666666667
3 0.51125 0.96 0.010833333333333334 0.02
3 0.30791666666666667 0.2758333333333333 0.010833333333333334 0.021666666666666667
3 0.9266666666666666 0.5783333333333334 0.013333333333333334 0.02666666666666667
3 0.06166666666666667 0.31333333333333335 0.011666666666666667 0.023333333333333334
3 0.5316666666666666 0.33166666666666667 0.011666666666666667 0.023333333333333334
3 0.9258333333333333 0.6383333333333333 0.006666666666666667 0.013333333333333334
3 0.77625 0.7391666666666666 0.005833333333333334 0.011666666666666667
3 0.6758333333333333 0.6275 0.008333333333333333 0.018333333333333333
3 0.27291666666666664 0.3416666666666667 0.005833333333333334 0.013333333333333334
3 0.61625 0.24583333333333332 0.009166666666666667 0.018333333333333333
3 0.9829166666666667 0.7608333333333334 0.009166666666666667 0.018333333333333333
3 0.39916666666666667 0.7841666666666667 0.008333333333333333 0.018333333333333333
3 0.5470833333333334 0.875 0.0075 0.016666666666666666
3 0.34958333333333336 0.07583333333333334 0.009166666666666667 0.018333333333333333
3 0.10416666666666667 0.3958333333333333 0.008333333333333333 0.018333333333333333
3 0.5891666666666666 0.07916666666666666 0.008333333333333333 0.018333333333333333
3 0.8170833333333334 0.2991666666666667 0.0075 0.015
3 0.9345833333333333 0.1 0.0075 0.013333333333333334
3 0.6245833333333334 0.5725 0.0075 0.015
3 0.6641666666666667 0.5358333333333334 0.006666666666666667 0.015
3 0.89875 0.3458333333333333 0.0075 0.015
3 0.13958333333333334 0.5658333333333333 0.010833333333333334 0.021666666666666667
3 0.87375 0.21083333333333334 0.010833333333333334 0.021666666666666667
3 0.3375 0.5841666666666666 0.008333333333333333 0.018333333333333333
3 0.032916666666666664 0.2758333333333333 0.010833333333333334 0.021666666666666667
3 0.8704166666666666 0.575 0.009166666666666667 0.016666666666666666
3 0.17125 0.36333333333333334 0.009166666666666667 0.016666666666666666
3 0.9945833333333334 0.21583333333333332 0.010833333333333334 0.021666666666666667
3 0.6445833333333333 0.08083333333333333 0.0125 0.025
3 0.44708333333333333 0.030833333333333334 0.009166666666666667 0.018333333333333333
3 0.6520833333333333 0.4891666666666667 0.009166666666666667 0.015
3 0.027083333333333334 0.5725 0.009166666666666667 0.015
3 0.7233333333333334 0.8883333333333333 0.006666666666666667 0.016666666666666666
3 0.24041666666666667 0.08916666666666667 0.009166666666666667 0.018333333333333333
3 0.1875 0.6625 0.008333333333333333 0.018333333333333333
3 0.47375 0.1075 0.005833333333333334 0.015
3 0.7333333333333333 0.175 0.008333333333333333 0.013333333333333334
3 0.94625 0.9691666666666666 0.009166666666666667 0.015
3 0.4425 0.5733333333333334 0.006666666666666667 0.016666666666666666
3 0.35791666666666666 0.31833333333333336 0.009166666666666667 0.016666666666666666
3 0.33416666666666667 0.4708333333333333 0.006666666666666667 0.015
3 0.40166666666666667 0.8841666666666667 0.006666666666666667 0.015
3 0.49666666666666665 0.028333333333333332 0.006666666666666667 0.013333333333333334
3 0.98375 0.065 0.005833333333333334 0.013333333333333334
3 0.1925 0.45666666666666667 0.008333333333333333 0.016666666666666666
3 0.19708333333333333 0.11583333333333333 0.009166666666666667 0.018333333333333333
3 0.26625 0.27416666666666667 0.009166666666666667 0.018333333333333333
3 0.3433333333333333 0.7791666666666667 0.008333333333333333 0.018333333333333333
3 0.8745833333333334 0.375 0.009166666666666667 0.016666666666666666
3 0.3670833333333333 0.8933333333333333 0.009166666666666667 0.02
3 0.49 0.7266666666666667 0.01 0.02
3 0.23458333333333334 0.8958333333333334 0.010833333333333334 0.021666666666666667
3 0.48291666666666666 0.5625 0.010833333333333334 0.021666666666666667
3 0.7258333333333333 0.013333333333333334 0.01 0.02
3 0.20166666666666666 0.8816666666666667 0.01 0.02
3 0.7283333333333334 0.24083333333333334 0.008333333333333333 0.018333333333333333
3 0.4508333333333333 0.38166666666666665 0.01 0.02
3 0.6441666666666667 0.9316666666666666 0.01 0.02
3 0.8920833333333333 0.8491666666666666 0.009166666666666667 0.018333333333333333
3 0.15 0.22083333333333333 0.01 0.018333333333333333
3 0.7808333333333334 0.6016666666666667 0.025 0.05
3 0.7145833333333333 0.6141666666666666 0.020833333333333332 0.041666666666666664
3 0.7608333333333334 0.8883333333333333 0.025 0.05
3 0.6083333333333333 0.31 0.02 0.04
3 0.7566666666666667 0.36666666666666664 0.01 0.02
3 0.9929166666666667 0.6425 0.010833333333333334 0.021666666666666667
3 0.13125 0.3575 0.009166666666666667 0.018333333333333333
3 0.97375 0.35583333333333333 0.010833333333333334 0.021666666666666667
3 0.11541666666666667 0.25083333333333335 0.005833333333333334 0.011666666666666667
3 0.955 0.11666666666666667 0.005 0.006666666666666667
3 0.98875 0.2758333333333333 0.005833333333333334 0.011666666666666667
3 0.4220833333333333 0.08916666666666667 0.005833333333333334 0.008333333333333333
3 0.7379166666666667 0.9533333333333334 0.005833333333333334 0.01
3 0.45375 0.8525 0.005833333333333334 0.011666666666666667
3 0.9691666666666666 0.4741666666666667 0.008333333333333333 0.018333333333333333
3 0.8316666666666667 0.38083333333333336 0.008333333333333333 0.015
3 0.54125 0.28583333333333333 0.009166666666666667 0.018333333333333333
3 0.21125 0.9258333333333333 0.009166666666666667 0.018333333333333333
3 0.6320833333333333 0.14416666666666667 0.0075 0.018333333333333333
3 0.34958333333333336 0.165 0.0075 0.016666666666666666
3 0.16708333333333333 0.435 0.0075 0.016666666666666666
3 0.9679166666666666 0.4533333333333333 0.009166666666666667 0.016666666666666666
3 0.3958333333333333 0.9241666666666667 0.008333333333333333 0.018333333333333333
3 0.7579166666666667 0.48583333333333334 0.009166666666666667 0.018333333333333333
3 0.7295833333333334 0.6175 0.0075 0.018333333333333333
3 0.019166666666666665 0.235 0.008333333333333333 0.013333333333333334
3 0.48791666666666667 0.35333333333333333 0.009166666666666667 0.016666666666666666
3 0.5125 0.7775 0.008333333333333333 0.018333333333333333
3 0.7495833333333334 0.9875 0.005833333333333334 0.015
3 0.31666666666666665 0.395 0.01 0.02
3 0.8608333333333333 0.5916666666666667 0.01 0.02
3 0.76875 0.10083333333333333 0.010833333333333334 0.021666666666666667
3 0.6 0.49666666666666665 0.008333333333333333 0.016666666666666666
3 0.06291666666666666 0.08416666666666667 0.009166666666666667 0.018333333333333333
3 0.47 0.6683333333333333 0.01 0.02
3 0.5908333333333333 0.8658333333333333 0.011666666666666667 0.021666666666666667
3 0.3475 0.49 0.013333333333333334 0.02666666666666667
3 0.7220833333333333 0.7891666666666667 0.0075 0.015
3 0.38958333333333334 0.285 0.0075 0.013333333333333334
3 0.8395833333333333 0.485 0.005833333333333334 0.013333333333333334
3 0.34208333333333335 0.043333333333333335 0.005833333333333334 0.013333333333333334
3 0.09625 0.8091666666666667 0.0075 0.015
3 0.09791666666666667 0.9075 0.0075 0.015
3 0.41125 0.2525 0.009166666666666667 0.018333333333333333
3 0.8916666666666667 0.2125 0.006666666666666667 0.011666666666666667
3 0.55125 0.25916666666666666 0.0075 0.015
3 0.31958333333333333 0.7025 0.0075 0.015
3 0.74875 0.7158333333333333 0.0075 0.015
3 0.86 0.05416666666666667 0.005 0.011666666666666667
3 0.05125 0.06916666666666667 0.0075 0.015
3 0.97125 0.7808333333333334 0.010833333333333334 0.021666666666666667
3 0.56 0.165 0.01 0.02
3 0.8125 0.20833333333333334 0.011666666666666667 0.023333333333333334
3 0.10208333333333333 0.5975 0.010833333333333334 0.021666666666666667
3 0.215 0.2633333333333333 0.011666666666666667 0.023333333333333334
3 0.7475 0.2625 0.008333333333333333 0.018333333333333333
3 0.7575 0.19 0.008333333333333333 0.013333333333333334
3 0.96125 0.5925 0.0075 0.015
3 0.0275 0.5516666666666666 0.01 0.02
3 0.6520833333333333 0.6291666666666667 0.009166666666666667 0.018333333333333333
3 0.09458333333333334 0.4175 0.010833333333333334 0.021666666666666667
3 0.44083333333333335 0.17333333333333334 0.01 0.02
3 0.6366666666666667 0.4166666666666667 0.01 0.02
3 0.8229166666666666 0.11083333333333334 0.009166666666666667 0.018333333333333333
3 0.9629166666666666 0.38083333333333336 0.010833333333333334 0.021666666666666667
3 0.49416666666666664 0.20666666666666667 0.01 0.02
3 0.07333333333333333 0.0425 0.008333333333333333 0.018333333333333333
3 0.31833333333333336 0.8291666666666667 0.008333333333333333 0.018333333333333333
3 0.48125 0.43833333333333335 0.009166666666666667 0.016666666666666666
3 0.61875 0.3358333333333333 0.010833333333333334 0.021666666666666667
3 0.9520833333333333 0.3175 0.010833333333333334 0.021666666666666667
3 0.4625 0.5133333333333333 0.01 0.02
3 0.7741666666666667 0.32 0.008333333333333333 0.016666666666666666
3 0.8279166666666666 0.6041666666666666 0.009166666666666667 0.018333333333333333
3 0.8308333333333333 0.11333333333333333 0.008333333333333333 0.016666666666666666
3 0.9908333333333333 0.33666666666666667 0.005 0.01
3 0.4975 0.24583333333333332 0.0033333333333333335 0.008333333333333333
3 0.6216666666666667 0.7491666666666666 0.005 0.008333333333333333
3 0.865 0.58 0.005 0.01
3 0.1975 0.8333333333333334 0.005 0.01
3 0.6795833333333333 0.5308333333333334 0.005833333333333334 0.011666666666666667
3 0.80125 0.019166666666666665 0.005833333333333334 0.011666666666666667
3 0.9645833333333333 0.7575 0.005833333333333334 0.011666666666666667
3 0.3541666666666667 0.45 0.006666666666666667 0.013333333333333334
3 0.18333333333333332 0.7608333333333334 0.005 0.011666666666666667
3 0.39458333333333334 0.2125 0.004166666666666667 0.011666666666666667
3 0.4975 0.225 0.0033333333333333335 0.01
3 0.7370833333333333 0.32083333333333336 0.004166666666666667 0.011666666666666667
3 0.9225 0.7625 0.005 0.008333333333333333
3 0.01125 0.24333333333333335 0.004166666666666667 0.006666666666666667
3 0.8629166666666667 0.04083333333333333 0.004166666666666667 0.008333333333333333
3 0.4275 0.5866666666666667 0.005 0.01
3 0.55 0.63 0.006666666666666667 0.013333333333333334
3 0.9720833333333333 0.7058333333333333 0.005833333333333334 0.011666666666666667
3 0.4633333333333333 0.16833333333333333 0.006666666666666667 0.013333333333333334
3 0.5 0.3641666666666667 0.006666666666666667 0.015
3 0.7104166666666667 0.7091666666666666 0.009166666666666667 0.018333333333333333
3 0.2425 0.5916666666666667 0.006666666666666667 0.013333333333333334
3 0.5154166666666666 0.23083333333333333 0.009166666666666667 0.018333333333333333
3 0.0425 0.5616666666666666 0.01 0.02
3 0.93 0.9016666666666666 0.01 0.02
3 0.8591666666666666 0.15333333333333332 0.01 0.02
3 0.6520833333333333 0.05416666666666667 0.0075 0.015
3 0.05416666666666667 0.5933333333333334 0.008333333333333333 0.016666666666666666
3 0.06 0.4266666666666667 0.01 0.02
3 0.48041666666666666 0.7841666666666667 0.009166666666666667 0.018333333333333333
3 0.3125 0.4 0.01 0.02
3 0.9683333333333334 0.65 0.006666666666666667 0.013333333333333334
3 0.17583333333333334 0.28 0.006666666666666667 0.013333333333333334
3 0.5595833333333333 0.20166666666666666 0.005833333333333334 0.01
3 0.3779166666666667 0.9408333333333333 0.0075 0.015
3 0.44083333333333335 0.9125 0.006666666666666667 0.011666666666666667
3 0.92875 0.7175 0.0075 0.015
3 0.49041666666666667 0.6816666666666666 0.0075 0.013333333333333334
3 0.8745833333333334 0.20833333333333334 0.005833333333333334 0.013333333333333334
3 0.98375 0.5425 0.0075 0.015
3 0.22958333333333333 0.76 0.0075 0.013333333333333334
3 0.98875 0.4091666666666667 0.0075 0.015
3 0.13208333333333333 0.4275 0.010833333333333334 0.021666666666666667
3 0.45166666666666666 0.4241666666666667 0.01 0.018333333333333333
3 0.8016666666666666 0.7458333333333333 0.01 0.018333333333333333
3 0.6154166666666666 0.1325 0.010833333333333334 0.021666666666666667
3 0.9416666666666667 0.26916666666666667 0.01 0.018333333333333333
3 0.30083333333333334 0.020833333333333332 0.008333333333333333 0.018333333333333333
3 0.09875 0.04583333333333333 0.0125 0.025
3 0.019583333333333335 0.26916666666666667 0.0125 0.025
3 0.2629166666666667 0.4175 0.010833333333333334 0.021666666666666667
3 0.09375 0.2608333333333333 0.010833333333333334 0.021666666666666667
3 0.3925 0.18166666666666667 0.008333333333333333 0.016666666666666666
3 0.5229166666666667 0.735 0.009166666666666667 0.016666666666666666
3 0.77875 0.6458333333333334 0.010833333333333334 0.021666666666666667
3 0.40208333333333335 0.5525 0.010833333333333334 0.021666666666666667
3 0.7920833333333334 0.42916666666666664 0.009166666666666667 0.018333333333333333
3 0.8375 0.7916666666666666 0.01 0.02
3 0.04 0.49916666666666665 0.005 0.011666666666666667
3 0.04416666666666667 0.5925 0.006666666666666667 0.015
3 0.7125 0.059166666666666666 0.006666666666666667 0.015
3 0.8258333333333333 0.2966666666666667 0.005 0.01
3 0.5291666666666667 0.4691666666666667 0.005 0.008333333333333333
3 0.19333333333333333 0.3075 0.005 0.008333333333333333
3 0.24166666666666667 0.305 0.005 0.01
3 0.7166666666666667 0.5016666666666667 0.006666666666666667 0.013333333333333334
3 0.8525 0.6 0.006666666666666667 0.013333333333333334
3 0.22875 0.28833333333333333 0.004166666666666667 0.01
3 0.165 0.4266666666666667 0.005 0.01
3 0.7733333333333333 0.013333333333333334 0.005 0.01
3 0.7758333333333334 0.5358333333333334 0.005 0.008333333333333333
3 0.4041666666666667 0.64 0.006666666666666667 0.013333333333333334
3 0.35 0.011666666666666667 0.006666666666666667 0.013333333333333334
3 0.6466666666666666 0.37833333333333335 0.008333333333333333 0.016666666666666666
3 0.8116666666666666 0.37 0.008333333333333333 0.016666666666666666
3 0.46291666666666664 0.4041666666666667 0.0075 0.015
3 0.2941666666666667 0.6333333333333333 0.008333333333333333 0.016666666666666666
3 0.6995833333333333 0.4525 0.009166666666666667 0.018333333333333333
3 0.11583333333333333 0.3491666666666667 0.008333333333333333 0.018333333333333333
3 0.9679166666666666 0.4375 0.005833333333333334 0.011666666666666667
3 0.5533333333333333 0.35833333333333334 0.005 0.01
3 0.92 0.7683333333333333 0.006666666666666667 0.013333333333333334
3 0.90375 0.9891666666666666 0.005833333333333334 0.011666666666666667
3 0.07 0.7333333333333333 0.006666666666666667 0.013333333333333334
3 0.8445833333333334 0.6241666666666666 0.005833333333333334 0.011666666666666667
3 0.5745833333333333 0.10666666666666667 0.009166666666666667 0.016666666666666666
3 0.965 0.9275 0.008333333333333333 0.015
3 0.17875 0.1025 0.009166666666666667 0.018333333333333333
3 0.5 0.5175 0.006666666666666667 0.011666666666666667
3 0.5820833333333333 0.9916666666666667 0.0075 0.013333333333333334
3 0.37958333333333333 0.24333333333333335 0.009166666666666667 0.016666666666666666
3 0.2579166666666667 0.05 0.009166666666666667 0.016666666666666666
3 0.4225 0.74 0.008333333333333333 0.016666666666666666
3 0.9808333333333333 0.31916666666666665 0.008333333333333333 0.015
3 0.13416666666666666 0.38 0.005 0.01
3 0.38916666666666666 0.8666666666666667 0.005 0.01
3 0.7520833333333333 0.2708333333333333 0.005833333333333334 0.011666666666666667
3 0.6816666666666666 0.4066666666666667 0.006666666666666667 0.013333333333333334
3 0.6358333333333334 0.8133333333333334 0.01 0.02
3 0.8491666666666666 0.5116666666666667 0.008333333333333333 0.016666666666666666
3 0.34375 0.20416666666666666 0.0075 0.015
3 0.21208333333333335 0.9066666666666666 0.0075 0.013333333333333334
3 0.08375 0.14916666666666667 0.009166666666666667 0.018333333333333333
3 0.16583333333333333 0.7733333333333333 0.008333333333333333 0.016666666666666666
3 0.605 0.445 0.008333333333333333 0.016666666666666666
3 0.76125 0.6566666666666666 0.0075 0.013333333333333334
3 0.6691666666666667 0.7375 0.01 0.021666666666666667
3 0.9829166666666667 0.5758333333333333 0.010833333333333334 0.021666666666666667
3 0.47041666666666665 0.5875 0.0075 0.015
3 0.10375 0.7816666666666666 0.005833333333333334 0.013333333333333334
3 0.6845833333333333 0.3258333333333333 0.0075 0.015
3 0.5025 0.7791666666666667 0.005 0.011666666666666667
3 0.7291666666666666 0.02 0.006666666666666667 0.013333333333333334
3 0.8266666666666667 0.49166666666666664 0.006666666666666667 0.013333333333333334
3 0.24791666666666667 0.15083333333333335 0.005833333333333334 0.011666666666666667
3 0.42333333333333334 0.5466666666666666 0.006666666666666667 0.013333333333333334
3 0.26625 0.08083333333333333 0.005833333333333334 0.011666666666666667
3 0.8166666666666667 0.8133333333333334 0.006666666666666667 0.013333333333333334
3 0.7116666666666667 0.8175 0.0033333333333333335 0.008333333333333333
3 0.73625 0.28583333333333333 0.004166666666666667 0.008333333333333333
3 0.4241666666666667 0.8566666666666667 0.005 0.01
3 0.81125 0.95 0.004166666666666667 0.01
3 0.41 0.20333333333333334 0.005 0.01
3 0.00625 0.6233333333333333 0.004166666666666667 0.01
3 0.04041666666666666 0.8658333333333333 0.004166666666666667 0.008333333333333333
3 0.40541666666666665 0.7291666666666666 0.005833333333333334 0.011666666666666667
3 0.25916666666666666 0.15333333333333332 0.005 0.01
3 0.0625 0.7566666666666667 0.005 0.01
3 0.605 0.44666666666666666 0.005 0.01
3 0.3858333333333333 0.535 0.005 0.01
3 0.4483333333333333 0.008333333333333333 0.005 0.01
3 0.5008333333333334 0.81 0.005 0.01
3 0.58 0.35 0.005 0.01
3 0.5675 0.7233333333333334 0.005 0.01
3 0.9575 0.5933333333333334 0.006666666666666667 0.013333333333333334
3 0.9258333333333333 0.06333333333333334 0.006666666666666667 0.013333333333333334
3 0.010833333333333334 0.47333333333333333 0.006666666666666667 0.013333333333333334
3 0.22458333333333333 0.42333333333333334 0.009166666666666667 0.016666666666666666
3 0.5266666666666666 0.5316666666666666 0.008333333333333333 0.016666666666666666
3 0.9741666666666666 0.7316666666666667 0.006666666666666667 0.013333333333333334
3 0.6454166666666666 0.009166666666666667 0.009166666666666667 0.018333333333333333
3 0.6545833333333333 0.3383333333333333 0.0075 0.016666666666666666
3 0.5491666666666667 0.7866666666666666 0.011666666666666667 0.03666666666666667
3 0.11666666666666667 0.3025 0.013333333333333334 0.03833333333333333
3 0.12458333333333334 0.3908333333333333 0.019166666666666665 0.041666666666666664
3 0.22791666666666666 0.35333333333333333 0.0075 0.016666666666666666
3 0.79625 0.44416666666666665 0.009166666666666667 0.018333333333333333
3 0.4866666666666667 0.9433333333333334 0.005 0.01
3 0.8591666666666666 0.028333333333333332 0.006666666666666667 0.013333333333333334
3 0.9554166666666667 0.43416666666666665 0.005833333333333334 0.011666666666666667
3 0.68875 0.38416666666666666 0.009166666666666667 0.018333333333333333
3 0.9083333333333333 0.5433333333333333 0.008333333333333333 0.016666666666666666
3 0.42625 0.5375 0.010833333333333334 0.021666666666666667
3 0.4475 0.7233333333333334 0.01 0.02
3 0.14791666666666667 0.5775 0.009166666666666667 0.018333333333333333
3 0.7116666666666667 0.6233333333333333 0.01 0.02
3 0.8554166666666667 0.1925 0.010833333333333334 0.021666666666666667
3 0.6425 0.050833333333333335 0.01 0.018333333333333333
3 0.8679166666666667 0.8425 0.010833333333333334 0.021666666666666667
3 0.5458333333333333 0.3416666666666667 0.01 0.02
3 0.7866666666666666 0.4875 0.01 0.018333333333333333
3 0.3670833333333333 0.6891666666666667 0.010833333333333334 0.021666666666666667
3 0.62625 0.7075 0.009166666666666667 0.018333333333333333
3 0.38458333333333333 0.2991666666666667 0.0075 0.015
3 0.5575 0.07166666666666667 0.01 0.02
3 0.27458333333333335 0.3908333333333333 0.009166666666666667 0.018333333333333333
3 0.655 0.0725 0.013333333333333334 0.025
3 0.70375 0.9883333333333333 0.010833333333333334 0.023333333333333334
3 0.20083333333333334 0.6958333333333333 0.013333333333333334 0.025
3 0.20125 0.37333333333333335 0.0125 0.023333333333333334
3 0.24166666666666667 0.35333333333333333 0.01 0.02
3 0.42375 0.0625 0.009166666666666667 0.018333333333333333
3 0.4870833333333333 0.058333333333333334 0.010833333333333334 0.023333333333333334
3 0.9933333333333333 0.12666666666666668 0.011666666666666667 0.023333333333333334
3 0.38083333333333336 0.7158333333333333 0.01 0.021666666666666667
3 0.07791666666666666 0.485 0.009166666666666667 0.02
3 0.99125 0.9075 0.010833333333333334 0.021666666666666667
3 0.5829166666666666 0.565 0.010833333333333334 0.02
3 0.20375 0.8841666666666667 0.014166666666666666 0.028333333333333332
3 0.9779166666666667 0.8358333333333333 0.014166666666666666 0.028333333333333332
3 0.3695833333333333 0.2808333333333333 0.014166666666666666 0.028333333333333332
3 0.7666666666666667 0.5533333333333333 0.013333333333333334 0.02666666666666667
