2 0.38375 0.425 0.0425 0.08333333333333333
2 0.18958333333333333 0.05 0.030833333333333334 0.07
2 0.12666666666666668 0.6258333333333334 0.041666666666666664 0.07833333333333334
2 0.73 0.8958333333333334 0.03333333333333333 0.075
2 0.19541666666666666 0.5608333333333333 0.0375 0.08166666666666667
2 0.44 0.2816666666666667 0.03666666666666667 0.08
2 0.5045833333333334 0.23 0.0275 0.07
2 0.9504166666666667 0.9108333333333334 0.030833333333333334 0.07166666666666667
2 0.4483333333333333 0.29 0.035 0.06666666666666667
2 0.6525 0.25416666666666665 0.035 0.051666666666666666
2 0.9391666666666667 0.11 0.03166666666666667 0.07
2 0.7520833333333333 0.5408333333333334 0.034166666666666665 0.06833333333333333
2 0.9566666666666667 0.48333333333333334 0.02666666666666667 0.04666666666666667
2 0.6670833333333334 0.23 0.0225 0.05333333333333334
2 0.08291666666666667 0.57 0.0225 0.05333333333333334
2 0.20791666666666667 0.8616666666666667 0.025833333333333333 0.05
2 0.18625 0.5525 0.035833333333333335 0.065
2 0.36083333333333334 0.3825 0.041666666666666664 0.07833333333333334
2 0.7279166666666667 0.6016666666666667 0.0475 0.09333333333333334
2 0.26708333333333334 0.585 0.04583333333333333 0.09333333333333334
2 0.1475 0.2925 0.02666666666666667 0.08166666666666667
2 0.43083333333333335 0.135 0.041666666666666664 0.07
2 0.8645833333333334 0.655 0.020833333333333332 0.07666666666666666
2 0.4775 0.9316666666666666 0.023333333333333334 0.08
2 0.6179166666666667 0.17916666666666667 0.0225 0.07833333333333334
2 0.6391666666666667 0.11833333333333333 0.041666666666666664 0.07
3 0.64375 0.38666666666666666 0.024166666666666666 0.05
3 0.20916666666666667 0.9166666666666666 0.021666666666666667 0.04
3 0.90875 0.965 0.0225 0.043333333333333335
3 0.15166666666666667 0.25 0.023333333333333334 0.05
3 0.6316666666666667 0.75 0.018333333333333333 0.04
3 0.41333333333333333 0.4216666666666667 0.025 0.05
3 0.5966666666666667 0.8016666666666666 0.025 0.05
3 0.7391666666666666 0.185 0.016666666666666666 0.03
3 0.97875 0.575 0.0175 0.03333333333333333
3 0.022916666666666665 0.23666666666666666 0.010833333333333334 0.02
3 0.9470833333333334 0.68 0.010833333333333334 0.023333333333333334
3 0.27791666666666665 0.94 0.0125 0.023333333333333334
3 0.07583333333333334 0.3416666666666667 0.013333333333333334 0.02666666666666667
3 0.8366666666666667 0.1275 0.015 0.028333333333333332
3 0.2579166666666667 0.5308333333333334 0.015833333333333335 0.035
3 0.5545833333333333 0.6175 0.019166666666666665 0.03833333333333333
3 0.11583333333333333 0.14916666666666667 0.02 0.041666666666666664
3 0.2683333333333333 0.10666666666666667 0.02 0.03666666666666667
3 0.8004166666666667 0.24833333333333332 0.0125 0.023333333333333334
3 0.5545833333333333 0.2808333333333333 0.0125 0.025
3 0.89625 0.155 0.019166666666666665 0.04
3 0.2925 0.47 0.02 0.04
3 0.6279166666666667 0.3175 0.014166666666666666 0.03166666666666667
3 0.49 0.38416666666666666 0.018333333333333333 0.035
3 0.44625 0.5816666666666667 0.019166666666666665 0.04
3 0.68125 0.49333333333333335 0.019166666666666665 0.04
3 0.5929166666666666 0.11166666666666666 0.009166666666666667 0.016666666666666666
3 0.24166666666666667 0.6441666666666667 0.01 0.021666666666666667
3 0.20916666666666667 0.6033333333333334 0.018333333333333333 0.03666666666666667
3 0.9579166666666666 0.021666666666666667 0.015833333333333335 0.03
3 0.028333333333333332 0.7983333333333333 0.018333333333333333 0.03666666666666667
3 0.75125 0.8258333333333333 0.020833333333333332 0.041666666666666664
3 0.83625 0.6441666666666667 0.020833333333333332 0.041666666666666664
3 0.37333333333333335 0.5933333333333334 0.018333333333333333 0.03666666666666667
3 0.5020833333333333 0.7558333333333334 0.019166666666666665 0.03833333333333333
3 0.12666666666666668 0.07166666666666667 0.02 0.04
3 0.46875 0.4775 0.014166666666666666 0.028333333333333332
3 0.0925 0.5583333333333333 0.011666666666666667 0.023333333333333334
3 0.9370833333333334 0.7641666666666667 0.014166666666666666 0.028333333333333332
3 0.9541666666666667 0.6841666666666667 0.011666666666666667 0.021666666666666667
3 0.6425 0.8208333333333333 0.01 0.021666666666666667
3 0.6925 0.3375 0.013333333333333334 0.025
3 0.07583333333333334 0.7008333333333333 0.013333333333333334 0.025
3 0.7591666666666667 0.2625 0.011666666666666667 0.025
3 0.12125 0.9641666666666666 0.0125 0.025
3 0.13291666666666666 0.825 0.0125 0.02666666666666667
3 0.73375 0.95 0.0125 0.02666666666666667
3 0.23875 0.21083333333333334 0.010833333333333334 0.025
3 0.40208333333333335 0.225 0.0125 0.023333333333333334
3 0.7195833333333334 0.58 0.010833333333333334 0.02
3 0.5383333333333333 0.2608333333333333 0.01 0.018333333333333333
3 0.09416666666666666 0.2833333333333333 0.013333333333333334 0.02666666666666667
3 0.18166666666666667 0.5675 0.011666666666666667 0.025
3 0.845 0.44 0.011666666666666667 0.02
3 0.16333333333333333 0.8733333333333333 0.013333333333333334 0.02666666666666667
3 0.26708333333333334 0.33166666666666667 0.0125 0.02666666666666667
3 0.9204166666666667 0.3383333333333333 0.0125 0.02666666666666667
3 0.8733333333333333 0.46416666666666667 0.013333333333333334 0.025
3 0.9441666666666667 0.5758333333333333 0.015 0.028333333333333332
3 0.055 0.03333333333333333 0.013333333333333334 0.02666666666666667
3 0.3204166666666667 0.058333333333333334 0.014166666666666666 0.02666666666666667
3 0.17916666666666667 0.6591666666666667 0.01 0.021666666666666667
3 0.79 0.6641666666666667 0.018333333333333333 0.035
3 0.21458333333333332 0.305 0.015833333333333335 0.03333333333333333
3 0.47125 0.11666666666666667 0.015833333333333335 0.03
3 0.6116666666666667 0.8825 0.021666666666666667 0.041666666666666664
3 0.895 0.3308333333333333 0.016666666666666666 0.025
3 0.25125 0.0625 0.0175 0.028333333333333332
3 0.76375 0.7025 0.0175 0.035
3 0.25333333333333335 0.5091666666666667 0.013333333333333334 0.025
3 0.4141666666666667 0.43583333333333335 0.01 0.021666666666666667
3 0.6483333333333333 0.4425 0.011666666666666667 0.021666666666666667
3 0.9341666666666667 0.29083333333333333 0.013333333333333334 0.025
3 0.9058333333333334 0.3408333333333333 0.015 0.028333333333333332
3 0.24458333333333335 0.19833333333333333 0.010833333333333334 0.023333333333333334
3 0.5258333333333334 0.8875 0.008333333333333333 0.021666666666666667
3 0.8695833333333334 0.1375 0.010833333333333334 0.018333333333333333
3 0.5879166666666666 0.2633333333333333 0.0125 0.023333333333333334
3 0.9454166666666667 0.8283333333333334 0.010833333333333334 0.016666666666666666
3 0.05541666666666667 0.6025 0.009166666666666667 0.021666666666666667
3 0.08541666666666667 0.6791666666666667 0.0125 0.025
3 0.9179166666666667 0.5225 0.0125 0.025
3 0.4675 0.8425 0.011666666666666667 0.025
3 0.09083333333333334 0.5658333333333333 0.015 0.025
3 0.39625 0.45 0.014166666666666666 0.03333333333333333
3 0.7875 0.22416666666666665 0.016666666666666666 0.028333333333333332
3 0.35041666666666665 0.12916666666666668 0.015833333333333335 0.035
3 0.585 0.37416666666666665 0.015 0.035
2 0.86125 0.20583333333333334 0.020833333333333332 0.028333333333333332
2 0.1575 0.6808333333333333 0.021666666666666667 0.03166666666666667
2 0.54625 0.20833333333333334 0.0225 0.043333333333333335
2 0.15 0.31333333333333335 0.02666666666666667 0.05333333333333334
2 0.27416666666666667 0.9375 0.021666666666666667 0.045
2 0.13333333333333333 0.7558333333333334 0.021666666666666667 0.041666666666666664
2 0.6729166666666667 0.125 0.04583333333333333 0.02666666666666667
2 0.13458333333333333 0.3441666666666667 0.014166666666666666 0.09166666666666666
2 0.85125 0.4766666666666667 0.035833333333333335 0.07666666666666666
2 0.1425 0.77 0.045 0.04666666666666667
2 0.6483333333333333 0.5375 0.043333333333333335 0.055
3 0.9133333333333333 0.9033333333333333 0.013333333333333334 0.02666666666666667
3 0.04708333333333333 0.9483333333333334 0.0125 0.02666666666666667
3 0.25416666666666665 0.11 0.013333333333333334 0.02666666666666667
3 0.06208333333333333 0.6183333333333333 0.0125 0.02666666666666667
3 0.21625 0.7083333333333334 0.0125 0.02666666666666667
3 0.5591666666666667 0.9325 0.013333333333333334 0.025
3 0.28125 0.5366666666666666 0.009166666666666667 0.016666666666666666
3 0.07916666666666666 0.5658333333333333 0.008333333333333333 0.018333333333333333
3 0.23083333333333333 0.9766666666666667 0.01 0.02
3 0.5483333333333333 0.17333333333333334 0.008333333333333333 0.016666666666666666
3 0.69625 0.17583333333333334 0.010833333333333334 0.021666666666666667
3 0.815 0.705 0.013333333333333334 0.02666666666666667
3 0.11 0.041666666666666664 0.013333333333333334 0.02666666666666667
3 0.55 0.5075 0.011666666666666667 0.021666666666666667
3 0.3045833333333333 0.9341666666666667 0.009166666666666667 0.015
3 0.9775 0.2816666666666667 0.011666666666666667 0.023333333333333334
3 0.7304166666666667 0.41833333333333333 0.009166666666666667 0.02
3 0.21458333333333332 0.6666666666666666 0.009166666666666667 0.02
3 0.5691666666666667 0.7883333333333333 0.011666666666666667 0.023333333333333334
3 0.31416666666666665 0.54 0.005 0.01
3 0.5133333333333333 0.51 0.005 0.01
3 0.6570833333333334 0.0525 0.005833333333333334 0.011666666666666667
3 0.7508333333333334 0.13666666666666666 0.006666666666666667 0.013333333333333334
3 0.8608333333333333 0.10666666666666667 0.006666666666666667 0.013333333333333334
3 0.05458333333333333 0.38666666666666666 0.0075 0.013333333333333334
3 0.9691666666666666 0.12833333333333333 0.008333333333333333 0.016666666666666666
3 0.5616666666666666 0.5425 0.006666666666666667 0.015
3 0.26916666666666667 0.13666666666666666 0.008333333333333333 0.016666666666666666
3 0.5491666666666667 0.6891666666666667 0.008333333333333333 0.015
3 0.4125 0.205 0.006666666666666667 0.013333333333333334
3 0.9058333333333334 0.2916666666666667 0.008333333333333333 0.016666666666666666
3 0.04375 0.7425 0.0075 0.015
3 0.60625 0.3441666666666667 0.0075 0.015
3 0.16875 0.31833333333333336 0.005833333333333334 0.013333333333333334
3 0.6404166666666666 0.49916666666666665 0.0075 0.015
3 0.35875 0.9666666666666667 0.005833333333333334 0.013333333333333334
3 0.5041666666666667 0.9183333333333333 0.01 0.02
3 0.35125 0.7775 0.010833333333333334 0.021666666666666667
3 0.10833333333333334 0.5333333333333333 0.01 0.02
3 0.7633333333333333 0.4075 0.01 0.021666666666666667
3 0.6229166666666667 0.6458333333333334 0.010833333333333334 0.021666666666666667
3 0.26458333333333334 0.2425 0.010833333333333334 0.021666666666666667
3 0.7445833333333334 0.31416666666666665 0.0125 0.025
3 0.09708333333333333 0.09333333333333334 0.0125 0.023333333333333334
3 0.06208333333333333 0.3541666666666667 0.0125 0.025
3 0.33958333333333335 0.575 0.009166666666666667 0.02
3 0.5533333333333333 0.6725 0.008333333333333333 0.018333333333333333
3 0.55375 0.5508333333333333 0.009166666666666667 0.018333333333333333
3 0.42333333333333334 0.1725 0.008333333333333333 0.018333333333333333
3 0.12791666666666668 0.255 0.009166666666666667 0.016666666666666666
3 0.14791666666666667 0.3616666666666667 0.005833333333333334 0.016666666666666666
3 0.39791666666666664 0.385 0.005833333333333334 0.016666666666666666
3 0.11416666666666667 0.8958333333333334 0.005 0.015
3 0.4683333333333333 0.5491666666666667 0.006666666666666667 0.015
3 0.5466666666666666 0.62 0.008333333333333333 0.016666666666666666
3 0.06333333333333334 0.38666666666666666 0.01 0.02
3 0.9691666666666666 0.2808333333333333 0.008333333333333333 0.018333333333333333
3 0.9545833333333333 0.145 0.009166666666666667 0.02
3 0.9058333333333334 0.53 0.01 0.02
3 0.8758333333333334 0.20333333333333334 0.01 0.02
3 0.77375 0.8941666666666667 0.009166666666666667 0.018333333333333333
3 0.175 0.6266666666666667 0.008333333333333333 0.016666666666666666
3 0.28583333333333333 0.3425 0.01 0.018333333333333333
3 0.13708333333333333 0.515 0.009166666666666667 0.02
3 0.99 0.9516666666666667 0.01 0.02
3 0.9595833333333333 0.30666666666666664 0.009166666666666667 0.02
3 0.8491666666666666 0.4508333333333333 0.01 0.018333333333333333
3 0.023333333333333334 0.1525 0.008333333333333333 0.018333333333333333
3 0.54875 0.17416666666666666 0.020833333333333332 0.041666666666666664
3 0.12125 0.4525 0.019166666666666665 0.03833333333333333
3 0.9208333333333333 0.6333333333333333 0.02 0.04
3 0.4558333333333333 0.105 0.008333333333333333 0.016666666666666666
3 0.07708333333333334 0.6825 0.0075 0.015
3 0.16708333333333333 0.7441666666666666 0.010833333333333334 0.021666666666666667
3 0.5666666666666667 0.155 0.01 0.02
3 0.47458333333333336 0.37583333333333335 0.005833333333333334 0.011666666666666667
3 0.5116666666666667 0.99 0.005 0.006666666666666667
3 0.6604166666666667 0.8241666666666667 0.005833333333333334 0.008333333333333333
3 0.94875 0.7341666666666666 0.005833333333333334 0.008333333333333333
3 0.1 0.9091666666666667 0.006666666666666667 0.015
3 0.8879166666666667 0.6141666666666666 0.009166666666666667 0.018333333333333333
3 0.41791666666666666 0.6958333333333333 0.009166666666666667 0.018333333333333333
3 0.06166666666666667 0.6925 0.008333333333333333 0.018333333333333333
3 0.20791666666666667 0.885 0.009166666666666667 0.016666666666666666
3 0.5295833333333333 0.019166666666666665 0.009166666666666667 0.018333333333333333
3 0.88625 0.9216666666666666 0.0075 0.013333333333333334
3 0.09333333333333334 0.7058333333333333 0.006666666666666667 0.015
3 0.9679166666666666 0.455 0.0075 0.013333333333333334
3 0.5133333333333333 0.3933333333333333 0.008333333333333333 0.016666666666666666
3 0.3925 0.43166666666666664 0.008333333333333333 0.016666666666666666
3 0.07833333333333334 0.33416666666666667 0.006666666666666667 0.011666666666666667
3 0.42083333333333334 0.5733333333333334 0.008333333333333333 0.013333333333333334
3 0.9445833333333333 0.6058333333333333 0.009166666666666667 0.018333333333333333
3 0.4125 0.885 0.006666666666666667 0.016666666666666666
3 0.4275 0.9225 0.008333333333333333 0.018333333333333333
3 0.8929166666666667 0.11583333333333333 0.0075 0.011666666666666667
3 0.21541666666666667 0.5733333333333334 0.009166666666666667 0.016666666666666666
3 0.9304166666666667 0.6525 0.0075 0.018333333333333333
3 0.37166666666666665 0.6933333333333334 0.01 0.02
3 0.48375 0.4708333333333333 0.010833333333333334 0.021666666666666667
3 0.34958333333333336 0.2608333333333333 0.010833333333333334 0.021666666666666667
3 0.020833333333333332 0.5941666666666666 0.013333333333333334 0.028333333333333332
3 0.4454166666666667 0.9558333333333333 0.0125 0.025
3 0.765 0.4675 0.013333333333333334 0.028333333333333332
3 0.24083333333333334 0.3175 0.013333333333333334 0.028333333333333332
3 0.19708333333333333 0.15666666666666668 0.005833333333333334 0.013333333333333334
3 0.7095833333333333 0.7033333333333334 0.0075 0.013333333333333334
3 0.15375 0.6208333333333333 0.0075 0.015
3 0.08083333333333333 0.05583333333333333 0.006666666666666667 0.011666666666666667
3 0.08875 0.8841666666666667 0.0075 0.015
3 0.1075 0.2525 0.005 0.011666666666666667
3 0.40625 0.9825 0.010833333333333334 0.021666666666666667
3 0.49833333333333335 0.635 0.008333333333333333 0.016666666666666666
3 0.10958333333333334 0.82 0.005833333333333334 0.013333333333333334
3 0.69625 0.6825 0.0075 0.015
3 0.027916666666666666 0.11916666666666667 0.010833333333333334 0.021666666666666667
3 0.07416666666666667 0.7366666666666667 0.01 0.02
3 0.47291666666666665 0.7491666666666666 0.010833333333333334 0.021666666666666667
3 0.7241666666666666 0.17666666666666667 0.01 0.02
3 0.4575 0.655 0.01 0.02
3 0.6816666666666666 0.3933333333333333 0.011666666666666667 0.023333333333333334
3 0.9870833333333333 0.76 0.010833333333333334 0.023333333333333334
3 0.15541666666666668 0.8841666666666667 0.0125 0.025
3 0.7329166666666667 0.034166666666666665 0.010833333333333334 0.021666666666666667
3 0.5241666666666667 0.4841666666666667 0.01 0.018333333333333333
3 0.37125 0.4075 0.0075 0.018333333333333333
3 0.76625 0.9533333333333334 0.009166666666666667 0.02
3 0.014583333333333334 0.5008333333333334 0.010833333333333334 0.021666666666666667
3 0.34541666666666665 0.30916666666666665 0.009166666666666667 0.018333333333333333
3 0.8954166666666666 0.5075 0.010833333333333334 0.021666666666666667
3 0.03958333333333333 0.3725 0.010833333333333334 0.021666666666666667
3 0.42333333333333334 0.7333333333333333 0.01 0.02
3 0.3570833333333333 0.9025 0.009166666666666667 0.018333333333333333
3 0.9079166666666667 0.3325 0.0075 0.015
3 0.2791666666666667 0.42333333333333334 0.01 0.02
3 0.38 0.3566666666666667 0.01 0.02
3 0.5470833333333334 0.2275 0.010833333333333334 0.021666666666666667
3 0.11375 0.8641666666666666 0.010833333333333334 0.021666666666666667
3 0.8145833333333333 0.6966666666666667 0.010833333333333334 0.02
3 0.6408333333333334 0.0425 0.01 0.021666666666666667
3 0.94875 0.42583333333333334 0.010833333333333334 0.021666666666666667
3 0.23291666666666666 0.0375 0.009166666666666667 0.018333333333333333
3 0.46708333333333335 0.17583333333333334 0.010833333333333334 0.021666666666666667
3 0.7004166666666667 0.8991666666666667 0.010833333333333334 0.021666666666666667
3 0.6266666666666667 0.9383333333333334 0.005 0.01
3 0.9875 0.30916666666666665 0.005 0.008333333333333333
3 0.5566666666666666 0.7916666666666666 0.005 0.01
3 0.95375 0.4033333333333333 0.004166666666666667 0.01
3 0.8741666666666666 0.18 0.005 0.01
3 0.35833333333333334 0.07416666666666667 0.005 0.008333333333333333
3 0.11916666666666667 0.5866666666666667 0.006666666666666667 0.013333333333333334
3 0.8825 0.9733333333333334 0.006666666666666667 0.013333333333333334
3 0.38125 0.5408333333333334 0.005833333333333334 0.011666666666666667
3 0.19375 0.8858333333333334 0.005833333333333334 0.011666666666666667
3 0.20416666666666666 0.7241666666666666 0.005 0.008333333333333333
3 0.7333333333333333 0.8433333333333334 0.005 0.01
3 0.1175 0.045 0.005 0.01
3 0.7191666666666666 0.25083333333333335 0.005 0.008333333333333333
3 0.6625 0.99 0.006666666666666667 0.013333333333333334
3 0.2608333333333333 0.14666666666666667 0.005 0.01
3 0.8291666666666667 0.12166666666666667 0.005 0.01
3 0.49916666666666665 0.275 0.008333333333333333 0.016666666666666666
3 0.3333333333333333 0.575 0.006666666666666667 0.013333333333333334
3 0.4191666666666667 0.4766666666666667 0.008333333333333333 0.016666666666666666
3 0.13541666666666666 0.9608333333333333 0.009166666666666667 0.018333333333333333
3 0.5720833333333334 0.4558333333333333 0.010833333333333334 0.021666666666666667
3 0.12875 0.8075 0.0075 0.015
3 0.2704166666666667 0.18083333333333335 0.0075 0.015
3 0.5608333333333333 0.12666666666666668 0.01 0.02
3 0.34041666666666665 0.7125 0.010833333333333334 0.021666666666666667
3 0.73625 0.8033333333333333 0.0075 0.013333333333333334
3 0.6354166666666666 0.23416666666666666 0.0075 0.015
3 0.33208333333333334 0.5058333333333334 0.0075 0.015
3 0.5629166666666666 0.7533333333333333 0.005833333333333334 0.013333333333333334
3 0.8741666666666666 0.7333333333333333 0.006666666666666667 0.013333333333333334
3 0.29625 0.44083333333333335 0.005833333333333334 0.011666666666666667
3 0.95625 0.11583333333333333 0.0075 0.015
3 0.3908333333333333 0.8308333333333333 0.008333333333333333 0.018333333333333333
3 0.86375 0.9141666666666667 0.010833333333333334 0.021666666666666667
3 0.6529166666666667 0.08916666666666667 0.009166666666666667 0.018333333333333333
3 0.02125 0.9308333333333333 0.010833333333333334 0.021666666666666667
3 0.1275 0.3425 0.01 0.018333333333333333
3 0.8620833333333333 0.8825 0.0125 0.025
3 0.4225 0.14583333333333334 0.01 0.021666666666666667
3 0.13541666666666666 0.7691666666666667 0.010833333333333334 0.021666666666666667
3 0.03166666666666667 0.44083333333333335 0.01 0.018333333333333333
3 0.36666666666666664 0.22416666666666665 0.01 0.018333333333333333
3 0.24791666666666667 0.3441666666666667 0.010833333333333334 0.021666666666666667
3 0.9895833333333334 0.6925 0.0075 0.015
3 0.5404166666666667 0.09083333333333334 0.010833333333333334 0.021666666666666667
3 0.42291666666666666 0.36583333333333334 0.009166666666666667 0.018333333333333333
3 0.42291666666666666 0.5725 0.0075 0.015
3 0.78875 0.0925 0.010833333333333334 0.021666666666666667
3 0.14041666666666666 0.5916666666666667 0.0075 0.013333333333333334
3 0.00375 0.9725 0.0075 0.015
3 0.12625 0.8025 0.0075 0.015
3 0.7979166666666667 0.6691666666666667 0.0075 0.015
3 0.8766666666666667 0.5566666666666666 0.005 0.01
3 0.09916666666666667 0.38 0.005 0.01
3 0.5658333333333333 0.8041666666666667 0.0033333333333333335 0.008333333333333333
3 0.69375 0.48083333333333333 0.005833333333333334 0.011666666666666667
3 0.8416666666666667 0.115 0.006666666666666667 0.013333333333333334
3 0.25083333333333335 0.12666666666666668 0.006666666666666667 0.013333333333333334
3 0.7175 0.335 0.006666666666666667 0.013333333333333334
3 0.17333333333333334 0.3233333333333333 0.005 0.01
3 0.10833333333333334 0.06666666666666667 0.005 0.01
3 0.37833333333333335 0.45666666666666667 0.005 0.01
3 0.32416666666666666 0.6633333333333333 0.006666666666666667 0.013333333333333334
3 0.6083333333333333 0.13833333333333334 0.006666666666666667 0.013333333333333334
3 0.9270833333333334 0.059166666666666666 0.005833333333333334 0.011666666666666667
3 0.9554166666666667 0.5675 0.005833333333333334 0.011666666666666667
3 0.5358333333333334 0.3591666666666667 0.006666666666666667 0.011666666666666667
3 0.31583333333333335 0.9716666666666667 0.008333333333333333 0.016666666666666666
3 0.9916666666666667 0.6325 0.006666666666666667 0.015
3 0.4625 0.8283333333333334 0.006666666666666667 0.013333333333333334
3 0.18625 0.20583333333333334 0.0075 0.015
3 0.74375 0.5908333333333333 0.0075 0.015
3 0.5816666666666667 0.5158333333333334 0.006666666666666667 0.015
3 0.3575 0.19583333333333333 0.008333333333333333 0.015
3 0.6270833333333333 0.2725 0.009166666666666667 0.018333333333333333
3 0.835 0.9183333333333333 0.006666666666666667 0.013333333333333334
3 0.5733333333333334 0.058333333333333334 0.006666666666666667 0.013333333333333334
3 0.6675 0.3016666666666667 0.008333333333333333 0.013333333333333334
3 0.9483333333333334 0.5016666666666667 0.006666666666666667 0.016666666666666666
3 0.8154166666666667 0.06833333333333333 0.0075 0.016666666666666666
3 0.4195833333333333 0.3825 0.009166666666666667 0.018333333333333333
3 0.6954166666666667 0.8575 0.0075 0.018333333333333333
3 0.6725 0.5733333333333334 0.006666666666666667 0.016666666666666666
3 0.98375 0.7958333333333333 0.009166666666666667 0.018333333333333333
3 0.26416666666666666 0.1025 0.008333333333333333 0.018333333333333333
3 0.40291666666666665 0.165 0.0075 0.013333333333333334
3 0.4979166666666667 0.05333333333333334 0.009166666666666667 0.016666666666666666
3 0.76 0.08333333333333333 0.008333333333333333 0.016666666666666666
3 0.5595833333333333 0.695 0.0075 0.016666666666666666
3 0.21541666666666667 0.21416666666666667 0.005833333333333334 0.011666666666666667
3 0.12333333333333334 0.5333333333333333 0.006666666666666667 0.013333333333333334
3 0.12541666666666668 0.3225 0.009166666666666667 0.018333333333333333
3 0.8004166666666667 0.7075 0.010833333333333334 0.021666666666666667
3 0.09041666666666667 0.6666666666666666 0.0075 0.013333333333333334
3 0.4979166666666667 0.8775 0.009166666666666667 0.018333333333333333
3 0.8654166666666666 0.5758333333333333 0.010833333333333334 0.021666666666666667
3 0.4766666666666667 0.8133333333333334 0.008333333333333333 0.016666666666666666
3 0.4191666666666667 0.1825 0.008333333333333333 0.018333333333333333
3 0.37125 0.7541666666666667 0.010833333333333334 0.021666666666666667
3 0.21 0.49333333333333335 0.008333333333333333 0.016666666666666666
3 0.09333333333333334 0.48083333333333333 0.006666666666666667 0.015
3 0.5754166666666667 0.48333333333333334 0.005833333333333334 0.01
3 0.165 0.18083333333333335 0.006666666666666667 0.011666666666666667
3 0.8329166666666666 0.2941666666666667 0.0075 0.015
3 0.08875 0.49916666666666665 0.0075 0.015
3 0.5204166666666666 0.695 0.0075 0.013333333333333334
3 0.9741666666666666 0.09 0.006666666666666667 0.013333333333333334
3 0.14083333333333334 0.45666666666666667 0.005 0.01
3 0.1075 0.58 0.005 0.01
3 0.24416666666666667 0.051666666666666666 0.005 0.01
3 0.11083333333333334 0.9833333333333333 0.005 0.01
3 0.04083333333333333 0.9566666666666667 0.005 0.01
3 0.10625 0.8716666666666667 0.004166666666666667 0.01
3 0.62 0.6758333333333333 0.005 0.008333333333333333
3 0.2225 0.035 0.005 0.01
3 0.7416666666666667 0.03 0.005 0.01
3 0.3775 0.4066666666666667 0.005 0.01
3 0.8529166666666667 0.5491666666666667 0.005833333333333334 0.011666666666666667
3 0.5870833333333333 0.5425 0.005833333333333334 0.011666666666666667
3 0.6941666666666667 0.37166666666666665 0.006666666666666667 0.013333333333333334
3 0.6683333333333333 0.3433333333333333 0.006666666666666667 0.013333333333333334
3 0.45375 0.6325 0.005833333333333334 0.011666666666666667
3 0.845 0.66 0.006666666666666667 0.013333333333333334
3 0.245 0.785 0.005 0.01
3 0.19541666666666666 0.27 0.004166666666666667 0.006666666666666667
3 0.46041666666666664 0.1775 0.004166666666666667 0.008333333333333333
3 0.028333333333333332 0.7516666666666667 0.006666666666666667 0.013333333333333334
3 0.08416666666666667 0.9766666666666667 0.006666666666666667 0.013333333333333334
3 0.2725 0.48333333333333334 0.006666666666666667 0.013333333333333334
3 0.24375 0.5441666666666667 0.005833333333333334 0.011666666666666667
3 0.08791666666666667 0.5608333333333333 0.005833333333333334 0.011666666666666667
3 0.325 0.5 0.006666666666666667 0.013333333333333334
3 0.4058333333333333 0.3075 0.008333333333333333 0.018333333333333333
3 0.8908333333333334 0.7291666666666666 0.008333333333333333 0.018333333333333333
3 0.345 0.395 0.008333333333333333 0.016666666666666666
3 0.9645833333333333 0.7783333333333333 0.020833333333333332 0.03666666666666667
3 0.41541666666666666 0.9408333333333333 0.019166666666666665 0.041666666666666664
3 0.9866666666666667 0.34 0.011666666666666667 0.03666666666666667
3 0.93875 0.7608333333333334 0.014166666666666666 0.03833333333333333
3 0.85875 0.7741666666666667 0.014166666666666666 0.03833333333333333
3 0.8854166666666666 0.4175 0.009166666666666667 0.018333333333333333
3 0.48541666666666666 0.7708333333333334 0.009166666666666667 0.018333333333333333
3 0.5608333333333333 0.7741666666666667 0.008333333333333333 0.018333333333333333
3 0.44708333333333333 0.6708333333333333 0.009166666666666667 0.018333333333333333
3 0.34041666666666665 0.78 0.009166666666666667 0.016666666666666666
3 0.6791666666666667 0.6383333333333333 0.005 0.01
3 0.9858333333333333 0.6933333333333334 0.006666666666666667 0.013333333333333334
3 0.8866666666666667 0.49833333333333335 0.006666666666666667 0.013333333333333334
3 0.38708333333333333 0.3175 0.005833333333333334 0.011666666666666667
3 0.8695833333333334 0.6025 0.010833333333333334 0.021666666666666667
3 0.36541666666666667 0.0125 0.009166666666666667 0.018333333333333333
3 0.5941666666666666 0.74 0.01 0.02
3 0.46375 0.04416666666666667 0.010833333333333334 0.021666666666666667
3 0.027083333333333334 0.6775 0.010833333333333334 0.021666666666666667
3 0.8291666666666667 0.3883333333333333 0.01 0.02
3 0.295 0.09583333333333334 0.008333333333333333 0.018333333333333333
3 0.81875 0.6208333333333333 0.010833333333333334 0.021666666666666667
3 0.7866666666666666 0.345 0.01 0.02
3 0.10166666666666667 0.38 0.008333333333333333 0.016666666666666666
3 0.14041666666666666 0.2708333333333333 0.009166666666666667 0.018333333333333333
3 0.8558333333333333 0.19166666666666668 0.01 0.02
3 0.14083333333333334 0.935 0.008333333333333333 0.016666666666666666
3 0.885 0.06166666666666667 0.01 0.02
3 0.16125 0.15 0.0125 0.02666666666666667
3 0.86 0.6175 0.011666666666666667 0.025
3 0.49291666666666667 0.8308333333333333 0.009166666666666667 0.018333333333333333
3 0.1625 0.8983333333333333 0.01 0.02
3 0.45958333333333334 0.19083333333333333 0.009166666666666667 0.018333333333333333
3 0.535 0.4483333333333333 0.01 0.02
3 0.44958333333333333 0.5591666666666667 0.010833333333333334 0.021666666666666667
3 0.22458333333333333 0.59 0.009166666666666667 0.016666666666666666
3 0.33666666666666667 0.028333333333333332 0.011666666666666667 0.023333333333333334
3 0.38 0.44083333333333335 0.01 0.021666666666666667
3 0.38708333333333333 0.5933333333333334 0.0125 0.023333333333333334
3 0.5979166666666667 0.8108333333333333 0.010833333333333334 0.021666666666666667
3 0.4633333333333333 0.010833333333333334 0.01 0.021666666666666667
3 0.31875 0.20416666666666666 0.014166666666666666 0.028333333333333332
3 0.8570833333333333 0.37083333333333335 0.010833333333333334 0.021666666666666667
3 0.2025 0.20333333333333334 0.011666666666666667 0.023333333333333334
3 0.8066666666666666 0.4766666666666667 0.01 0.02
3 0.9108333333333334 0.19 0.013333333333333334 0.02666666666666667
