2 0.5729166666666666 0.49 0.04083333333333333 0.07666666666666666
2 0.79625 0.5791666666666667 0.0425 0.085
2 0.24833333333333332 0.8225 0.04 0.075
2 0.9304166666666667 0.3591666666666667 0.034166666666666665 0.06833333333333333
2 0.1025 0.35333333333333333 0.03333333333333333 0.04666666666666667
2 0.3283333333333333 0.11666666666666667 0.03333333333333333 0.07
2 0.14791666666666667 0.4425 0.034166666666666665 0.06833333333333333
2 0.5941666666666666 0.8566666666666667 0.03333333333333333 0.07
2 0.13 0.7991666666666667 0.03333333333333333 0.045
2 0.5625 0.9291666666666667 0.02666666666666667 0.035
2 0.14583333333333334 0.5941666666666666 0.02 0.055
2 0.051666666666666666 0.7391666666666666 0.013333333333333334 0.051666666666666666
2 0.18375 0.895 0.025833333333333333 0.05
2 0.8204166666666667 0.6758333333333333 0.014166666666666666 0.051666666666666666
2 0.39416666666666667 0.53 0.015 0.05333333333333334
2 0.49916666666666665 0.14666666666666667 0.04833333333333333 0.09666666666666666
2 0.5608333333333333 0.8141666666666667 0.04666666666666667 0.095
2 0.9341666666666667 0.5891666666666666 0.04833333333333333 0.095
2 0.6491666666666667 0.7341666666666666 0.041666666666666664 0.058333333333333334
2 0.7291666666666666 0.8125 0.03666666666666667 0.08166666666666667
3 0.51375 0.4683333333333333 0.025833333333333333 0.05
3 0.38333333333333336 0.028333333333333332 0.021666666666666667 0.04666666666666667
3 0.9316666666666666 0.9116666666666666 0.02666666666666667 0.05333333333333334
3 0.044583333333333336 0.8366666666666667 0.0175 0.03666666666666667
3 0.10666666666666667 0.36083333333333334 0.025 0.04833333333333333
3 0.4245833333333333 0.98 0.019166666666666665 0.03666666666666667
3 0.3325 0.78 0.02 0.04
3 0.8 0.9408333333333333 0.018333333333333333 0.03833333333333333
3 0.01125 0.8883333333333333 0.019166666666666665 0.03666666666666667
3 0.44416666666666665 0.4191666666666667 0.02 0.03833333333333333
3 0.59625 0.2866666666666667 0.0175 0.03666666666666667
3 0.21291666666666667 0.6883333333333334 0.014166666666666666 0.02666666666666667
3 0.54625 0.3425 0.014166666666666666 0.028333333333333332
3 0.25583333333333336 0.7825 0.013333333333333334 0.025
3 0.52 0.24666666666666667 0.015 0.03
3 0.36291666666666667 0.6658333333333334 0.019166666666666665 0.03833333333333333
3 0.50125 0.3925 0.019166666666666665 0.03833333333333333
3 0.80125 0.7733333333333333 0.014166666666666666 0.03333333333333333
3 0.40625 0.7408333333333333 0.014166666666666666 0.03166666666666667
3 0.7583333333333333 0.30416666666666664 0.023333333333333334 0.045
3 0.5966666666666667 0.6033333333333334 0.023333333333333334 0.04666666666666667
3 0.49333333333333335 0.1 0.02 0.03666666666666667
3 0.61875 0.16083333333333333 0.019166666666666665 0.035
3 0.8466666666666667 0.8316666666666667 0.011666666666666667 0.02
3 0.46125 0.74 0.0125 0.023333333333333334
3 0.12083333333333333 0.37083333333333335 0.01 0.021666666666666667
3 0.7758333333333334 0.5833333333333334 0.02 0.04
3 0.9804166666666667 0.07166666666666667 0.0175 0.03333333333333333
3 0.8608333333333333 0.05333333333333334 0.02 0.04
3 0.3233333333333333 0.14916666666666667 0.018333333333333333 0.03833333333333333
3 0.9075 0.8708333333333333 0.01 0.021666666666666667
3 0.38708333333333333 0.7875 0.0125 0.025
3 0.6854166666666667 0.3325 0.0125 0.025
3 0.24666666666666667 0.6266666666666667 0.011666666666666667 0.023333333333333334
3 0.10875 0.9483333333333334 0.015833333333333335 0.03
3 0.8070833333333334 0.30583333333333335 0.0175 0.035
3 0.17958333333333334 0.26416666666666666 0.0175 0.035
3 0.86 0.685 0.018333333333333333 0.03666666666666667
3 0.36583333333333334 0.51 0.018333333333333333 0.03666666666666667
3 0.5845833333333333 0.65 0.014166666666666666 0.02666666666666667
3 0.6654166666666667 0.5925 0.020833333333333332 0.041666666666666664
3 0.4475 0.48333333333333334 0.016666666666666666 0.03333333333333333
3 0.27666666666666667 0.215 0.02 0.04
3 0.50625 0.6408333333333334 0.020833333333333332 0.041666666666666664
3 0.6841666666666667 0.4666666666666667 0.016666666666666666 0.03333333333333333
3 0.40166666666666667 0.77 0.015 0.03
3 0.20958333333333334 0.24083333333333334 0.014166666666666666 0.028333333333333332
3 0.5270833333333333 0.1625 0.014166666666666666 0.028333333333333332
3 0.32625 0.7408333333333333 0.014166666666666666 0.028333333333333332
3 0.63125 0.7158333333333333 0.014166666666666666 0.028333333333333332
3 0.4795833333333333 0.7233333333333334 0.0125 0.023333333333333334
3 0.7966666666666666 0.20333333333333334 0.01 0.023333333333333334
3 0.22958333333333333 0.8966666666666666 0.0125 0.02666666666666667
3 0.64125 0.9016666666666666 0.0125 0.023333333333333334
3 0.47458333333333336 0.4166666666666667 0.0125 0.02666666666666667
3 0.7025 0.6441666666666667 0.011666666666666667 0.025
3 0.8745833333333334 0.5325 0.009166666666666667 0.021666666666666667
3 0.06666666666666667 0.24166666666666667 0.011666666666666667 0.023333333333333334
3 0.155 0.48833333333333334 0.011666666666666667 0.023333333333333334
3 0.1275 0.7533333333333333 0.011666666666666667 0.023333333333333334
3 0.5354166666666667 0.6508333333333334 0.0125 0.025
3 0.42041666666666666 0.19666666666666666 0.010833333333333334 0.02
3 0.74 0.6441666666666667 0.011666666666666667 0.025
3 0.96 0.31416666666666665 0.013333333333333334 0.025
3 0.11333333333333333 0.565 0.01 0.023333333333333334
3 0.5504166666666667 0.6408333333333334 0.0125 0.025
3 0.23458333333333334 0.4683333333333333 0.0125 0.02666666666666667
3 0.4 0.8958333333333334 0.013333333333333334 0.025
3 0.89625 0.7358333333333333 0.0125 0.021666666666666667
3 0.30291666666666667 0.9158333333333334 0.014166666666666666 0.028333333333333332
3 0.9591666666666666 0.0425 0.011666666666666667 0.025
3 0.8466666666666667 0.7375 0.011666666666666667 0.025
3 0.3283333333333333 0.1275 0.011666666666666667 0.021666666666666667
3 0.4775 0.33 0.021666666666666667 0.043333333333333335
3 0.25958333333333333 0.18 0.015833333333333335 0.03333333333333333
3 0.2683333333333333 0.945 0.021666666666666667 0.043333333333333335
3 0.64125 0.7341666666666666 0.0175 0.035
3 0.19583333333333333 0.22083333333333333 0.011666666666666667 0.03166666666666667
3 0.7404166666666666 0.8475 0.0175 0.035
3 0.07625 0.7708333333333334 0.015833333333333335 0.021666666666666667
3 0.4579166666666667 0.25916666666666666 0.014166666666666666 0.028333333333333332
3 0.13041666666666665 0.5466666666666666 0.010833333333333334 0.02
3 0.8754166666666666 0.27166666666666667 0.014166666666666666 0.02666666666666667
3 0.051666666666666666 0.435 0.01 0.023333333333333334
3 0.59125 0.315 0.010833333333333334 0.023333333333333334
3 0.6275 0.8016666666666666 0.011666666666666667 0.02
3 0.5454166666666667 0.02666666666666667 0.0125 0.023333333333333334
3 0.8329166666666666 0.8808333333333334 0.0125 0.025
3 0.8583333333333333 0.3958333333333333 0.01 0.015
3 0.2891666666666667 0.9241666666666667 0.011666666666666667 0.025
3 0.042916666666666665 0.265 0.0075 0.02
3 0.78125 0.5058333333333334 0.019166666666666665 0.03833333333333333
3 0.8629166666666667 0.4866666666666667 0.014166666666666666 0.03333333333333333
3 0.14125 0.6258333333333334 0.014166666666666666 0.03166666666666667
2 0.0725 0.035833333333333335 0.023333333333333334 0.045
2 0.9216666666666666 0.15583333333333332 0.023333333333333334 0.041666666666666664
2 0.9095833333333333 0.6075 0.0175 0.045
2 0.5141666666666667 0.39416666666666667 0.023333333333333334 0.045
2 0.7370833333333333 0.4125 0.024166666666666666 0.04833333333333333
2 0.5879166666666666 0.44166666666666665 0.0225 0.04666666666666667
2 0.39208333333333334 0.44 0.020833333333333332 0.04
2 0.6716666666666666 0.7875 0.03833333333333333 0.07166666666666667
2 0.47583333333333333 0.48083333333333333 0.03 0.085
2 0.5158333333333334 0.4683333333333333 0.045 0.04666666666666667
2 0.2891666666666667 0.5916666666666667 0.043333333333333335 0.05333333333333334
3 0.7204166666666667 0.44166666666666665 0.0125 0.023333333333333334
3 0.5204166666666666 0.4816666666666667 0.0125 0.023333333333333334
3 0.09 0.9341666666666667 0.013333333333333334 0.025
3 0.5104166666666666 0.7625 0.0125 0.025
3 0.5770833333333333 0.09166666666666666 0.010833333333333334 0.023333333333333334
3 0.41125 0.20916666666666667 0.010833333333333334 0.021666666666666667
3 0.92625 0.5766666666666667 0.010833333333333334 0.02
3 0.15916666666666668 0.9891666666666666 0.008333333333333333 0.018333333333333333
3 0.9541666666666667 0.3125 0.008333333333333333 0.018333333333333333
3 0.8245833333333333 0.14666666666666667 0.009166666666666667 0.016666666666666666
3 0.67125 0.5091666666666667 0.010833333333333334 0.021666666666666667
3 0.33791666666666664 0.30083333333333334 0.014166666666666666 0.028333333333333332
3 0.14583333333333334 0.8016666666666666 0.01 0.02
3 0.63125 0.8941666666666667 0.010833333333333334 0.021666666666666667
3 0.20875 0.8958333333333334 0.014166666666666666 0.028333333333333332
3 0.8158333333333333 0.7516666666666667 0.01 0.02
3 0.7654166666666666 0.36083333333333334 0.0125 0.025
3 0.3308333333333333 0.8716666666666667 0.011666666666666667 0.023333333333333334
3 0.5645833333333333 0.08666666666666667 0.009166666666666667 0.02
3 0.92875 0.6591666666666667 0.005833333333333334 0.011666666666666667
3 0.88 0.26666666666666666 0.006666666666666667 0.013333333333333334
3 0.29083333333333333 0.33 0.006666666666666667 0.013333333333333334
3 0.3725 0.3433333333333333 0.005 0.01
3 0.4875 0.385 0.006666666666666667 0.013333333333333334
3 0.04666666666666667 0.68 0.006666666666666667 0.013333333333333334
3 0.7925 0.8025 0.006666666666666667 0.015
3 0.87 0.08083333333333333 0.008333333333333333 0.018333333333333333
3 0.2791666666666667 0.5758333333333333 0.008333333333333333 0.015
3 0.6820833333333334 0.029166666666666667 0.009166666666666667 0.018333333333333333
3 0.17083333333333334 0.15416666666666667 0.008333333333333333 0.015
3 0.2675 0.008333333333333333 0.008333333333333333 0.016666666666666666
3 0.9841666666666666 0.6541666666666667 0.006666666666666667 0.015
3 0.18791666666666668 0.875 0.0075 0.013333333333333334
3 0.08583333333333333 0.0175 0.006666666666666667 0.015
3 0.8020833333333334 0.21083333333333334 0.0075 0.015
3 0.67375 0.8375 0.0075 0.015
3 0.92875 0.47833333333333333 0.005833333333333334 0.01
3 0.12041666666666667 0.9866666666666667 0.009166666666666667 0.016666666666666666
3 0.2504166666666667 0.905 0.009166666666666667 0.016666666666666666
3 0.47625 0.7358333333333333 0.010833333333333334 0.021666666666666667
3 0.9404166666666667 0.3283333333333333 0.009166666666666667 0.016666666666666666
3 0.05583333333333333 0.3325 0.01 0.018333333333333333
3 0.40375 0.77 0.0125 0.023333333333333334
3 0.22625 0.15 0.010833333333333334 0.023333333333333334
3 0.6133333333333333 0.7808333333333334 0.01 0.021666666666666667
3 0.6570833333333334 0.8958333333333334 0.0075 0.018333333333333333
3 0.8633333333333333 0.6475 0.008333333333333333 0.018333333333333333
3 0.6875 0.7808333333333334 0.008333333333333333 0.018333333333333333
3 0.6566666666666666 0.9325 0.008333333333333333 0.018333333333333333
3 0.4979166666666667 0.38916666666666666 0.009166666666666667 0.015
3 0.12875 0.20833333333333334 0.009166666666666667 0.016666666666666666
3 0.9145833333333333 0.175 0.0075 0.01
3 0.09541666666666666 0.8966666666666666 0.009166666666666667 0.016666666666666666
3 0.9458333333333333 0.8558333333333333 0.008333333333333333 0.018333333333333333
3 0.8804166666666666 0.9458333333333333 0.009166666666666667 0.018333333333333333
3 0.60125 0.5108333333333334 0.0075 0.011666666666666667
3 0.3204166666666667 0.9133333333333333 0.005833333333333334 0.016666666666666666
3 0.91375 0.55 0.0075 0.013333333333333334
3 0.37625 0.785 0.009166666666666667 0.016666666666666666
3 0.6266666666666667 0.9058333333333334 0.006666666666666667 0.015
3 0.11916666666666667 0.8991666666666667 0.008333333333333333 0.018333333333333333
3 0.8866666666666667 0.63 0.01 0.02
3 0.7508333333333334 0.675 0.01 0.02
3 0.08083333333333333 0.2808333333333333 0.01 0.018333333333333333
3 0.07916666666666666 0.9491666666666667 0.01 0.018333333333333333
3 0.5304166666666666 0.5691666666666667 0.009166666666666667 0.018333333333333333
3 0.09166666666666666 0.065 0.01 0.02
3 0.45208333333333334 0.9691666666666666 0.009166666666666667 0.018333333333333333
3 0.37833333333333335 0.2916666666666667 0.008333333333333333 0.016666666666666666
3 0.8833333333333333 0.44666666666666666 0.01 0.02
3 0.10958333333333334 0.09 0.009166666666666667 0.02
3 0.8120833333333334 0.3425 0.009166666666666667 0.018333333333333333
3 0.9766666666666667 0.4083333333333333 0.01 0.02
3 0.6625 0.8083333333333333 0.01 0.02
3 0.8308333333333333 0.14166666666666666 0.01 0.02
3 0.715 0.04833333333333333 0.025 0.05
3 0.37083333333333335 0.8016666666666666 0.025 0.05
3 0.5770833333333333 0.0875 0.0175 0.035
3 0.8666666666666667 0.4633333333333333 0.01 0.02
3 0.6516666666666666 0.695 0.01 0.02
3 0.49833333333333335 0.625 0.01 0.02
3 0.21166666666666667 0.5166666666666667 0.01 0.02
3 0.7616666666666667 0.3283333333333333 0.01 0.02
3 0.9079166666666667 0.30083333333333334 0.005833333333333334 0.011666666666666667
3 0.20041666666666666 0.8491666666666666 0.005833333333333334 0.011666666666666667
3 0.10375 0.6808333333333333 0.005833333333333334 0.015
3 0.97875 0.36583333333333334 0.009166666666666667 0.018333333333333333
3 0.5658333333333333 0.7808333333333334 0.008333333333333333 0.018333333333333333
3 0.4525 0.9408333333333333 0.006666666666666667 0.011666666666666667
3 0.84125 0.42833333333333334 0.0075 0.013333333333333334
3 0.23625 0.545 0.005833333333333334 0.013333333333333334
3 0.7616666666666667 0.85 0.008333333333333333 0.016666666666666666
3 0.10291666666666667 0.9391666666666667 0.005833333333333334 0.015
3 0.17833333333333334 0.7341666666666666 0.008333333333333333 0.018333333333333333
3 0.2529166666666667 0.24833333333333332 0.009166666666666667 0.016666666666666666
3 0.15125 0.7608333333333334 0.009166666666666667 0.018333333333333333
3 0.8604166666666667 0.7608333333333334 0.009166666666666667 0.015
3 0.6829166666666666 0.8833333333333333 0.009166666666666667 0.016666666666666666
3 0.6145833333333334 0.27666666666666667 0.009166666666666667 0.016666666666666666
3 0.8779166666666667 0.21083333333333334 0.010833333333333334 0.021666666666666667
3 0.6079166666666667 0.3525 0.010833333333333334 0.021666666666666667
3 0.7854166666666667 0.8558333333333333 0.010833333333333334 0.021666666666666667
3 0.15708333333333332 0.2875 0.010833333333333334 0.021666666666666667
3 0.80125 0.15916666666666668 0.0075 0.015
3 0.8004166666666667 0.1725 0.010833333333333334 0.021666666666666667
3 0.96125 0.34 0.014166666666666666 0.02666666666666667
3 0.9783333333333334 0.5916666666666667 0.015 0.03
3 0.31083333333333335 0.12083333333333333 0.011666666666666667 0.025
3 0.38333333333333336 0.5325 0.013333333333333334 0.025
3 0.7866666666666666 0.21166666666666667 0.015 0.03
3 0.6045833333333334 0.5108333333333334 0.0075 0.015
3 0.050416666666666665 0.4375 0.0075 0.015
3 0.04541666666666667 0.7925 0.0075 0.015
3 0.23875 0.9025 0.009166666666666667 0.018333333333333333
3 0.51375 0.6441666666666667 0.009166666666666667 0.018333333333333333
3 0.9770833333333333 0.7991666666666667 0.009166666666666667 0.018333333333333333
3 0.6125 0.6791666666666667 0.005 0.011666666666666667
3 0.3641666666666667 0.38666666666666666 0.006666666666666667 0.013333333333333334
3 0.43375 0.4266666666666667 0.005833333333333334 0.013333333333333334
3 0.7383333333333333 0.8191666666666667 0.006666666666666667 0.015
3 0.08166666666666667 0.485 0.01 0.02
3 0.8166666666666667 0.10833333333333334 0.008333333333333333 0.016666666666666666
3 0.9254166666666667 0.4841666666666667 0.0075 0.015
3 0.16458333333333333 0.8258333333333333 0.009166666666666667 0.018333333333333333
3 0.97125 0.09416666666666666 0.009166666666666667 0.018333333333333333
3 0.23416666666666666 0.58 0.01 0.02
3 0.18375 0.12583333333333332 0.0125 0.025
3 0.5025 0.6883333333333334 0.011666666666666667 0.023333333333333334
3 0.6108333333333333 0.8258333333333333 0.01 0.018333333333333333
3 0.4454166666666667 0.4175 0.010833333333333334 0.021666666666666667
3 0.3016666666666667 0.37166666666666665 0.006666666666666667 0.016666666666666666
3 0.23625 0.10083333333333333 0.010833333333333334 0.021666666666666667
3 0.26125 0.6125 0.0075 0.018333333333333333
3 0.9358333333333333 0.81 0.006666666666666667 0.016666666666666666
3 0.8475 0.5883333333333334 0.01 0.02
3 0.5191666666666667 0.53 0.008333333333333333 0.016666666666666666
3 0.83875 0.29583333333333334 0.010833333333333334 0.021666666666666667
3 0.02375 0.6708333333333333 0.0075 0.015
3 0.2475 0.8766666666666667 0.01 0.02
3 0.775 0.24833333333333332 0.01 0.02
3 0.7658333333333334 0.21833333333333332 0.01 0.02
3 0.6195833333333334 0.8375 0.010833333333333334 0.021666666666666667
3 0.34375 0.19166666666666668 0.010833333333333334 0.02
3 0.16125 0.2808333333333333 0.010833333333333334 0.021666666666666667
3 0.0325 0.7225 0.01 0.018333333333333333
3 0.21041666666666667 0.8541666666666666 0.010833333333333334 0.021666666666666667
3 0.6908333333333333 0.7683333333333333 0.01 0.02
3 0.30291666666666667 0.19583333333333333 0.010833333333333334 0.021666666666666667
3 0.705 0.675 0.01 0.02
3 0.7066666666666667 0.06666666666666667 0.008333333333333333 0.016666666666666666
3 0.9808333333333333 0.68 0.01 0.02
3 0.9608333333333333 0.4683333333333333 0.005 0.01
3 0.5975 0.18333333333333332 0.005 0.01
3 0.7658333333333334 0.5725 0.0033333333333333335 0.008333333333333333
3 0.09666666666666666 0.5983333333333334 0.006666666666666667 0.013333333333333334
3 0.44333333333333336 0.29833333333333334 0.006666666666666667 0.013333333333333334
3 0.41333333333333333 0.985 0.006666666666666667 0.013333333333333334
3 0.6041666666666666 0.8116666666666666 0.006666666666666667 0.013333333333333334
3 0.10208333333333333 0.6433333333333333 0.005833333333333334 0.01
3 0.9920833333333333 0.37416666666666665 0.005833333333333334 0.011666666666666667
3 0.98625 0.2658333333333333 0.005833333333333334 0.011666666666666667
3 0.04 0.4533333333333333 0.005 0.006666666666666667
3 0.12166666666666667 0.57 0.005 0.01
3 0.5091666666666667 0.5416666666666666 0.005 0.01
3 0.8708333333333333 0.6583333333333333 0.005 0.01
3 0.006666666666666667 0.435 0.005 0.01
3 0.9958333333333333 0.8625 0.005 0.008333333333333333
3 0.6558333333333334 0.21833333333333332 0.006666666666666667 0.013333333333333334
3 0.17583333333333334 0.765 0.006666666666666667 0.013333333333333334
3 0.13166666666666665 0.04666666666666667 0.006666666666666667 0.013333333333333334
3 0.8741666666666666 0.5766666666666667 0.005 0.01
3 0.33541666666666664 0.49416666666666664 0.005833333333333334 0.011666666666666667
3 0.37375 0.6175 0.009166666666666667 0.018333333333333333
3 0.6566666666666666 0.38666666666666666 0.008333333333333333 0.016666666666666666
3 0.6454166666666666 0.9475 0.009166666666666667 0.018333333333333333
3 0.40291666666666665 0.30916666666666665 0.009166666666666667 0.018333333333333333
3 0.8158333333333333 0.6533333333333333 0.01 0.02
3 0.8591666666666666 0.9583333333333334 0.01 0.02
3 0.47041666666666665 0.16083333333333333 0.009166666666666667 0.018333333333333333
3 0.1125 0.9283333333333333 0.01 0.02
3 0.10666666666666667 0.20833333333333334 0.01 0.02
3 0.18625 0.1275 0.009166666666666667 0.018333333333333333
3 0.14791666666666667 0.9425 0.009166666666666667 0.018333333333333333
3 0.6175 0.6433333333333333 0.01 0.02
3 0.8616666666666667 0.6933333333333334 0.01 0.02
3 0.505 0.12666666666666668 0.008333333333333333 0.016666666666666666
3 0.33375 0.77 0.005833333333333334 0.013333333333333334
3 0.9204166666666667 0.8783333333333333 0.005833333333333334 0.013333333333333334
3 0.46625 0.6 0.0075 0.013333333333333334
3 0.97125 0.5625 0.0075 0.015
3 0.8966666666666666 0.9425 0.006666666666666667 0.011666666666666667
3 0.009583333333333333 0.8825 0.0075 0.015
3 0.7479166666666667 0.8941666666666667 0.0075 0.015
3 0.24875 0.015833333333333335 0.0075 0.015
3 0.7383333333333333 0.73 0.006666666666666667 0.013333333333333334
3 0.4554166666666667 0.035833333333333335 0.010833333333333334 0.021666666666666667
3 0.57125 0.6066666666666667 0.010833333333333334 0.02
3 0.4791666666666667 0.9008333333333334 0.01 0.018333333333333333
3 0.88875 0.19583333333333333 0.0125 0.025
3 0.9520833333333333 0.17916666666666667 0.010833333333333334 0.021666666666666667
3 0.8458333333333333 0.8841666666666667 0.008333333333333333 0.018333333333333333
3 0.44375 0.014166666666666666 0.0125 0.025
3 0.9170833333333334 0.9458333333333333 0.010833333333333334 0.021666666666666667
3 0.61125 0.49166666666666664 0.0075 0.016666666666666666
3 0.9383333333333334 0.5558333333333333 0.008333333333333333 0.015
3 0.5308333333333334 0.3425 0.008333333333333333 0.018333333333333333
3 0.7720833333333333 0.7516666666666667 0.009166666666666667 0.02
3 0.8575 0.8925 0.01 0.021666666666666667
3 0.49541666666666667 0.3525 0.009166666666666667 0.018333333333333333
3 0.94875 0.5841666666666666 0.009166666666666667 0.018333333333333333
3 0.030833333333333334 0.06 0.008333333333333333 0.016666666666666666
3 0.45416666666666666 0.245 0.008333333333333333 0.016666666666666666
3 0.9645833333333333 0.9225 0.0075 0.015
3 0.71625 0.5308333333333334 0.0075 0.015
3 0.3575 0.83 0.006666666666666667 0.013333333333333334
3 0.46208333333333335 0.1225 0.0075 0.015
3 0.24333333333333335 0.3025 0.006666666666666667 0.015
3 0.26375 0.96 0.0075 0.013333333333333334
3 0.9020833333333333 0.23666666666666666 0.004166666666666667 0.01
3 0.01875 0.4083333333333333 0.004166666666666667 0.01
3 0.9516666666666667 0.855 0.005 0.01
3 0.5316666666666666 0.13 0.005 0.01
3 0.4691666666666667 0.7975 0.0033333333333333335 0.008333333333333333
3 0.7441666666666666 0.755 0.005 0.01
3 0.63 0.455 0.006666666666666667 0.013333333333333334
3 0.4320833333333333 0.13083333333333333 0.005833333333333334 0.011666666666666667
3 0.21625 0.4025 0.005833333333333334 0.011666666666666667
3 0.6291666666666667 0.7633333333333333 0.006666666666666667 0.013333333333333334
3 0.2725 0.365 0.005 0.01
3 0.10333333333333333 0.075 0.005 0.01
3 0.14875 0.89 0.004166666666666667 0.006666666666666667
3 0.89 0.7233333333333334 0.005 0.01
3 0.8591666666666666 0.6583333333333333 0.005 0.01
3 0.9341666666666667 0.9016666666666666 0.006666666666666667 0.013333333333333334
3 0.5141666666666667 0.31 0.006666666666666667 0.013333333333333334
3 0.1225 0.705 0.006666666666666667 0.013333333333333334
3 0.75 0.7166666666666667 0.006666666666666667 0.013333333333333334
3 0.1575 0.3983333333333333 0.006666666666666667 0.013333333333333334
3 0.13 0.26166666666666666 0.008333333333333333 0.016666666666666666
3 0.5229166666666667 0.20166666666666666 0.009166666666666667 0.016666666666666666
3 0.975 0.07416666666666667 0.006666666666666667 0.011666666666666667
3 0.6266666666666667 0.865 0.008333333333333333 0.016666666666666666
3 0.62625 0.2425 0.009166666666666667 0.018333333333333333
3 0.62 0.15333333333333332 0.008333333333333333 0.016666666666666666
3 0.5475 0.9133333333333333 0.008333333333333333 0.016666666666666666
3 0.4058333333333333 0.36833333333333335 0.008333333333333333 0.016666666666666666
3 0.6329166666666667 0.023333333333333334 0.005833333333333334 0.013333333333333334
3 0.7070833333333333 0.41 0.0075 0.016666666666666666
3 0.6966666666666667 0.075 0.006666666666666667 0.013333333333333334
3 0.9233333333333333 0.555 0.006666666666666667 0.013333333333333334
3 0.12083333333333333 0.235 0.005 0.01
3 0.6479166666666667 0.7575 0.005833333333333334 0.011666666666666667
3 0.03208333333333333 0.7666666666666667 0.009166666666666667 0.016666666666666666
3 0.66375 0.8833333333333333 0.0075 0.016666666666666666
3 0.52 0.5325 0.008333333333333333 0.018333333333333333
3 0.215 0.7858333333333334 0.008333333333333333 0.018333333333333333
3 0.28041666666666665 0.57 0.0075 0.016666666666666666
3 0.029583333333333333 0.8691666666666666 0.009166666666666667 0.018333333333333333
3 0.8158333333333333 0.075 0.008333333333333333 0.016666666666666666
3 0.5316666666666666 0.06166666666666667 0.008333333333333333 0.016666666666666666
3 0.5758333333333333 0.6083333333333333 0.006666666666666667 0.013333333333333334
3 0.30083333333333334 0.8366666666666667 0.006666666666666667 0.013333333333333334
3 0.7133333333333334 0.92 0.006666666666666667 0.013333333333333334
3 0.605 0.03666666666666667 0.01 0.02
3 0.2825 0.6333333333333333 0.01 0.02
3 0.05291666666666667 0.5508333333333333 0.010833333333333334 0.021666666666666667
3 0.15333333333333332 0.405 0.008333333333333333 0.016666666666666666
3 0.335 0.19833333333333333 0.008333333333333333 0.016666666666666666
3 0.6979166666666666 0.5108333333333334 0.0075 0.015
3 0.4554166666666667 0.19833333333333333 0.005833333333333334 0.013333333333333334
3 0.9791666666666666 0.6216666666666667 0.008333333333333333 0.016666666666666666
3 0.91875 0.215 0.0075 0.013333333333333334
3 0.12583333333333332 0.37333333333333335 0.008333333333333333 0.016666666666666666
3 0.9195833333333333 0.5441666666666667 0.010833333333333334 0.021666666666666667
3 0.8054166666666667 0.5575 0.0075 0.015
3 0.33708333333333335 0.22833333333333333 0.0075 0.013333333333333334
3 0.26166666666666666 0.325 0.006666666666666667 0.013333333333333334
3 0.9520833333333333 0.6983333333333334 0.005833333333333334 0.01
3 0.72375 0.6008333333333333 0.005833333333333334 0.011666666666666667
3 0.9025 0.37166666666666665 0.006666666666666667 0.013333333333333334
3 0.35333333333333333 0.8516666666666667 0.006666666666666667 0.013333333333333334
3 0.1025 0.89 0.006666666666666667 0.013333333333333334
3 0.8025 0.8933333333333333 0.006666666666666667 0.013333333333333334
3 0.5166666666666667 0.018333333333333333 0.005 0.01
3 0.8541666666666666 0.7433333333333333 0.005 0.01
3 0.020833333333333332 0.39 0.005 0.01
3 0.3491666666666667 0.6658333333333334 0.0033333333333333335 0.008333333333333333
3 0.5920833333333333 0.43666666666666665 0.004166666666666667 0.01
3 0.4375 0.9916666666666667 0.005 0.01
3 0.535 0.21333333333333335 0.005 0.01
3 0.3933333333333333 0.68 0.005 0.01
3 0.5275 0.37666666666666665 0.005 0.01
3 0.5408333333333334 0.7766666666666666 0.005 0.01
3 0.016666666666666666 0.5483333333333333 0.006666666666666667 0.013333333333333334
3 0.03666666666666667 0.37833333333333335 0.006666666666666667 0.013333333333333334
3 0.9966666666666667 0.5516666666666666 0.006666666666666667 0.013333333333333334
3 0.9483333333333334 0.9483333333333334 0.006666666666666667 0.013333333333333334
3 0.8658333333333333 0.3416666666666667 0.006666666666666667 0.013333333333333334
3 0.16166666666666665 0.8366666666666667 0.005 0.01
3 0.30916666666666665 0.33 0.005 0.01
3 0.5441666666666667 0.13333333333333333 0.005 0.01
3 0.024166666666666666 0.5766666666666667 0.005 0.01
3 0.8591666666666666 0.8641666666666666 0.005 0.008333333333333333
3 0.6875 0.18083333333333335 0.005 0.008333333333333333
3 0.8116666666666666 0.8416666666666667 0.005 0.01
3 0.91125 0.15083333333333335 0.005833333333333334 0.011666666666666667
3 0.08833333333333333 0.425 0.006666666666666667 0.013333333333333334
3 0.2575 0.6533333333333333 0.008333333333333333 0.016666666666666666
3 0.8275 0.215 0.008333333333333333 0.016666666666666666
3 0.5854166666666667 0.011666666666666667 0.0075 0.013333333333333334
3 0.5529166666666666 0.18416666666666667 0.014166666666666666 0.03833333333333333
3 0.05583333333333333 0.8833333333333333 0.02 0.04
3 0.9504166666666667 0.26916666666666667 0.009166666666666667 0.015
3 0.9295833333333333 0.23583333333333334 0.009166666666666667 0.018333333333333333
3 0.1575 0.225 0.006666666666666667 0.016666666666666666
3 0.16958333333333334 0.20083333333333334 0.005833333333333334 0.011666666666666667
3 0.03833333333333333 0.22333333333333333 0.005 0.01
3 0.3095833333333333 0.7958333333333333 0.010833333333333334 0.021666666666666667
3 0.029583333333333333 0.2975 0.010833333333333334 0.021666666666666667
3 0.42916666666666664 0.895 0.01 0.02
3 0.50375 0.7475 0.0075 0.015
3 0.6604166666666667 0.9075 0.010833333333333334 0.021666666666666667
3 0.027083333333333334 0.3458333333333333 0.010833333333333334 0.021666666666666667
3 0.36541666666666667 0.5583333333333333 0.009166666666666667 0.02
3 0.48375 0.5658333333333333 0.010833333333333334 0.021666666666666667
3 0.49291666666666667 0.575 0.009166666666666667 0.016666666666666666
3 0.22583333333333333 0.25583333333333336 0.01 0.021666666666666667
3 0.27416666666666667 0.095 0.008333333333333333 0.016666666666666666
3 0.4866666666666667 0.03166666666666667 0.008333333333333333 0.016666666666666666
3 0.61375 0.6441666666666667 0.009166666666666667 0.018333333333333333
3 0.9041666666666667 0.08083333333333333 0.011666666666666667 0.021666666666666667
3 0.7154166666666667 0.9041666666666667 0.009166666666666667 0.021666666666666667
3 0.24083333333333334 0.0825 0.01 0.021666666666666667
3 0.13666666666666666 0.030833333333333334 0.013333333333333334 0.025
3 0.67875 0.44666666666666666 0.0125 0.02666666666666667
3 0.5795833333333333 0.9041666666666667 0.009166666666666667 0.018333333333333333
3 0.5183333333333333 0.21 0.008333333333333333 0.016666666666666666
3 0.7045833333333333 0.7241666666666666 0.009166666666666667 0.018333333333333333
3 0.029583333333333333 0.7958333333333333 0.010833333333333334 0.021666666666666667
3 0.8041666666666667 0.24666666666666667 0.01 0.02
3 0.5716666666666667 0.7183333333333334 0.01 0.02
3 0.12666666666666668 0.8475 0.011666666666666667 0.021666666666666667
3 0.9845833333333334 0.31083333333333335 0.0125 0.025
3 0.5579166666666666 0.045 0.010833333333333334 0.023333333333333334
3 0.895 0.5333333333333333 0.011666666666666667 0.023333333333333334
3 0.43833333333333335 0.21833333333333332 0.013333333333333334 0.02666666666666667
3 0.34958333333333336 0.35083333333333333 0.014166666666666666 0.028333333333333332
3 0.45625 0.8458333333333333 0.010833333333333334 0.021666666666666667
3 0.68375 0.4675 0.014166666666666666 0.028333333333333332
3 0.5629166666666666 0.015833333333333335 0.014166666666666666 0.028333333333333332
3 0.7129166666666666 0.9658333333333333 0.014166666666666666 0.028333333333333332
