2 0.78125 0.8141666666666667 0.0425 0.08166666666666667
2 0.9016666666666666 0.1075 0.035 0.07833333333333334
2 0.10083333333333333 0.04666666666666667 0.04 0.08333333333333333
2 0.93125 0.22083333333333333 0.035833333333333335 0.07833333333333334
2 0.3754166666666667 0.0775 0.020833333333333332 0.065
2 0.7170833333333333 0.1 0.0275 0.07
2 0.9629166666666666 0.45416666666666666 0.020833333333333332 0.065
2 0.09208333333333334 0.6566666666666666 0.025833333333333333 0.05
2 0.9625 0.83 0.02666666666666667 0.043333333333333335
2 0.9025 0.7516666666666667 0.023333333333333334 0.05333333333333334
2 0.46125 0.73 0.0475 0.09333333333333334
2 0.5620833333333334 0.36666666666666664 0.0425 0.08
2 0.49416666666666664 0.5158333333333334 0.03666666666666667 0.07833333333333334
2 0.19875 0.28583333333333333 0.04083333333333333 0.075
2 0.31666666666666665 0.2225 0.028333333333333332 0.08166666666666667
2 0.6575 0.88 0.03333333333333333 0.08333333333333333
2 0.7220833333333333 0.06833333333333333 0.03916666666666667 0.043333333333333335
2 0.12916666666666668 0.9541666666666667 0.041666666666666664 0.058333333333333334
3 0.9604166666666667 0.24166666666666667 0.024166666666666666 0.05
3 0.5325 0.12833333333333333 0.023333333333333334 0.05
3 0.7866666666666666 0.6883333333333334 0.02 0.04
3 0.5720833333333334 0.9375 0.020833333333333332 0.041666666666666664
3 0.4 0.83 0.025 0.05
3 0.8383333333333334 0.0725 0.018333333333333333 0.035
3 0.90125 0.8808333333333334 0.0225 0.045
3 0.8841666666666667 0.2025 0.018333333333333333 0.035
3 0.5158333333333334 0.3525 0.02 0.03833333333333333
3 0.27458333333333335 0.40166666666666667 0.019166666666666665 0.03666666666666667
3 0.5629166666666666 0.14 0.014166666666666666 0.02666666666666667
3 0.9220833333333334 0.7633333333333333 0.0125 0.023333333333333334
3 0.76125 0.805 0.014166666666666666 0.02666666666666667
3 0.335 0.5666666666666667 0.015 0.03
3 0.95125 0.3308333333333333 0.014166666666666666 0.028333333333333332
3 0.71 0.45666666666666667 0.015 0.03
3 0.8354166666666667 0.49833333333333335 0.015833333333333335 0.02666666666666667
3 0.5008333333333334 0.20333333333333334 0.016666666666666666 0.03666666666666667
3 0.10666666666666667 0.3358333333333333 0.023333333333333334 0.045
3 0.28625 0.36666666666666664 0.020833333333333332 0.04
3 0.48333333333333334 0.5833333333333334 0.016666666666666666 0.03666666666666667
3 0.355 0.5058333333333334 0.02 0.03833333333333333
3 0.11833333333333333 0.25333333333333335 0.023333333333333334 0.04666666666666667
3 0.21416666666666667 0.6725 0.013333333333333334 0.025
3 0.03375 0.5058333333333334 0.010833333333333334 0.025
3 0.7554166666666666 0.37416666666666665 0.010833333333333334 0.018333333333333333
3 0.7291666666666666 0.7158333333333333 0.011666666666666667 0.025
3 0.4725 0.31666666666666665 0.01 0.016666666666666666
3 0.55375 0.705 0.010833333333333334 0.023333333333333334
3 0.7854166666666667 0.27166666666666667 0.0175 0.03666666666666667
3 0.29583333333333334 0.7133333333333334 0.02 0.04
3 0.7925 0.945 0.016666666666666666 0.03
3 0.17208333333333334 0.9025 0.019166666666666665 0.03833333333333333
3 0.9279166666666666 0.5125 0.015833333333333335 0.028333333333333332
3 0.6525 0.355 0.02 0.04
3 0.8120833333333334 0.24 0.009166666666666667 0.016666666666666666
3 0.3020833333333333 0.37666666666666665 0.009166666666666667 0.016666666666666666
3 0.3854166666666667 0.2725 0.0125 0.025
3 0.5779166666666666 0.23333333333333334 0.0125 0.023333333333333334
3 0.68125 0.41583333333333333 0.0125 0.025
3 0.425 0.6325 0.01 0.018333333333333333
3 0.77125 0.5033333333333333 0.0175 0.03666666666666667
3 0.6191666666666666 0.03166666666666667 0.018333333333333333 0.03666666666666667
3 0.21375 0.6525 0.0175 0.035
3 0.6883333333333334 0.88 0.018333333333333333 0.03666666666666667
3 0.43041666666666667 0.07416666666666667 0.020833333333333332 0.041666666666666664
3 0.6375 0.36333333333333334 0.02 0.04
3 0.50375 0.5575 0.020833333333333332 0.041666666666666664
3 0.27458333333333335 0.7508333333333334 0.019166666666666665 0.03833333333333333
3 0.14666666666666667 0.59 0.011666666666666667 0.023333333333333334
3 0.6029166666666667 0.6091666666666666 0.014166666666666666 0.028333333333333332
3 0.525 0.07 0.01 0.02
3 0.9166666666666666 0.44666666666666666 0.011666666666666667 0.023333333333333334
3 0.84 0.12 0.013333333333333334 0.02666666666666667
3 0.41458333333333336 0.6675 0.010833333333333334 0.018333333333333333
3 0.6275 0.25583333333333336 0.013333333333333334 0.025
3 0.9604166666666667 0.28 0.0125 0.02666666666666667
3 0.09916666666666667 0.8 0.013333333333333334 0.02666666666666667
3 0.6 0.2425 0.011666666666666667 0.025
3 0.5966666666666667 0.7108333333333333 0.013333333333333334 0.025
3 0.5279166666666667 0.8183333333333334 0.0125 0.02666666666666667
3 0.92125 0.07 0.0125 0.023333333333333334
3 0.14458333333333334 0.2866666666666667 0.010833333333333334 0.023333333333333334
3 0.8958333333333334 0.14666666666666667 0.011666666666666667 0.023333333333333334
3 0.02125 0.0325 0.0125 0.025
3 0.6883333333333334 0.7958333333333333 0.011666666666666667 0.025
3 0.55625 0.33916666666666667 0.010833333333333334 0.018333333333333333
3 0.3908333333333333 0.58 0.013333333333333334 0.02666666666666667
3 0.8670833333333333 0.5641666666666667 0.014166666666666666 0.028333333333333332
3 0.49583333333333335 0.5291666666666667 0.015 0.028333333333333332
3 0.8175 0.07833333333333334 0.021666666666666667 0.043333333333333335
3 0.22625 0.66 0.0175 0.03666666666666667
3 0.05291666666666667 0.56 0.020833333333333332 0.04
3 0.35291666666666666 0.33166666666666667 0.0175 0.03333333333333333
3 0.17666666666666667 0.6066666666666667 0.02 0.04
3 0.6329166666666667 0.9641666666666666 0.019166666666666665 0.03833333333333333
3 0.47541666666666665 0.13 0.010833333333333334 0.03
3 0.3525 0.19833333333333333 0.016666666666666666 0.02666666666666667
3 0.965 0.5691666666666667 0.011666666666666667 0.021666666666666667
3 0.7995833333333333 0.17166666666666666 0.010833333333333334 0.023333333333333334
3 0.79375 0.9825 0.014166666666666666 0.028333333333333332
3 0.5616666666666666 0.1525 0.013333333333333334 0.025
3 0.5595833333333333 0.755 0.0125 0.02666666666666667
3 0.15666666666666668 0.6225 0.013333333333333334 0.028333333333333332
3 0.9575 0.0825 0.01 0.015
3 0.8945833333333333 0.10583333333333333 0.0125 0.025
3 0.26458333333333334 0.35333333333333333 0.0075 0.02
3 0.5620833333333334 0.6066666666666667 0.010833333333333334 0.016666666666666666
3 0.175 0.6883333333333334 0.01 0.016666666666666666
3 0.49416666666666664 0.6241666666666666 0.011666666666666667 0.018333333333333333
3 0.9933333333333333 0.09916666666666667 0.01 0.015
3 0.23375 0.8025 0.0125 0.025
3 0.34791666666666665 0.6433333333333333 0.0125 0.023333333333333334
3 0.5429166666666667 0.6691666666666667 0.019166666666666665 0.03833333333333333
3 0.53 0.7766666666666666 0.018333333333333333 0.03333333333333333
3 0.47625 0.21916666666666668 0.019166666666666665 0.03833333333333333
2 0.985 0.7133333333333334 0.02 0.04666666666666667
2 0.78 0.95 0.023333333333333334 0.043333333333333335
2 0.18666666666666668 0.11166666666666666 0.028333333333333332 0.056666666666666664
2 0.7491666666666666 0.46 0.028333333333333332 0.056666666666666664
2 0.5029166666666667 0.3075 0.029166666666666667 0.058333333333333334
2 0.32416666666666666 0.11416666666666667 0.02666666666666667 0.055
2 0.35041666666666665 0.6458333333333334 0.0275 0.055
2 0.81375 0.5216666666666666 0.029166666666666667 0.056666666666666664
2 0.7475 0.4625 0.018333333333333333 0.09166666666666666
2 0.28583333333333333 0.8483333333333334 0.02 0.09
2 0.94875 0.2175 0.025833333333333333 0.08833333333333333
3 0.5066666666666667 0.13083333333333333 0.013333333333333334 0.025
3 0.13875 0.21666666666666667 0.0125 0.02666666666666667
3 0.5070833333333333 0.14 0.0125 0.02666666666666667
3 0.105 0.11583333333333333 0.013333333333333334 0.025
3 0.5175 0.6775 0.013333333333333334 0.025
3 0.48875 0.8158333333333333 0.010833333333333334 0.021666666666666667
3 0.18958333333333333 0.5658333333333333 0.010833333333333334 0.021666666666666667
3 0.30541666666666667 0.0875 0.010833333333333334 0.021666666666666667
3 0.07541666666666667 0.36333333333333334 0.009166666666666667 0.016666666666666666
3 0.6195833333333334 0.9825 0.010833333333333334 0.021666666666666667
3 0.52875 0.3175 0.014166666666666666 0.028333333333333332
3 0.95375 0.04583333333333333 0.0125 0.025
3 0.7970833333333334 0.49916666666666665 0.010833333333333334 0.021666666666666667
3 0.7908333333333334 0.2916666666666667 0.01 0.02
3 0.23083333333333333 0.5466666666666666 0.01 0.016666666666666666
3 0.11916666666666667 0.2275 0.01 0.021666666666666667
3 0.8108333333333333 0.6483333333333333 0.011666666666666667 0.023333333333333334
3 0.5125 0.7533333333333333 0.008333333333333333 0.02
3 0.006666666666666667 0.755 0.01 0.016666666666666666
3 0.91625 0.6916666666666667 0.010833333333333334 0.023333333333333334
3 0.4575 0.11833333333333333 0.006666666666666667 0.013333333333333334
3 0.48333333333333334 0.265 0.006666666666666667 0.013333333333333334
3 0.14875 0.5641666666666667 0.009166666666666667 0.018333333333333333
3 0.8195833333333333 0.0375 0.009166666666666667 0.018333333333333333
3 0.05125 0.22666666666666666 0.009166666666666667 0.016666666666666666
3 0.23208333333333334 0.24666666666666667 0.005833333333333334 0.013333333333333334
3 0.13375 0.6183333333333333 0.009166666666666667 0.016666666666666666
3 0.79125 0.635 0.009166666666666667 0.016666666666666666
3 0.49875 0.455 0.0075 0.016666666666666666
3 0.029166666666666667 0.11916666666666667 0.008333333333333333 0.015
3 0.32166666666666666 0.07333333333333333 0.008333333333333333 0.016666666666666666
3 0.33166666666666667 0.18416666666666667 0.008333333333333333 0.015
3 0.8454166666666667 0.11166666666666666 0.009166666666666667 0.016666666666666666
3 0.5958333333333333 0.20583333333333334 0.008333333333333333 0.018333333333333333
3 0.87875 0.9025 0.0075 0.015
3 0.6879166666666666 0.03916666666666667 0.0075 0.015
3 0.7695833333333333 0.6816666666666666 0.005833333333333334 0.013333333333333334
3 0.31125 0.74 0.005833333333333334 0.01
3 0.9295833333333333 0.37416666666666665 0.010833333333333334 0.021666666666666667
3 0.8729166666666667 0.1025 0.010833333333333334 0.021666666666666667
3 0.4195833333333333 0.9491666666666667 0.010833333333333334 0.021666666666666667
3 0.8875 0.075 0.011666666666666667 0.023333333333333334
3 0.90875 0.7466666666666667 0.010833333333333334 0.023333333333333334
3 0.3129166666666667 0.05583333333333333 0.0075 0.018333333333333333
3 0.32625 0.09833333333333333 0.009166666666666667 0.016666666666666666
3 0.7579166666666667 0.4741666666666667 0.009166666666666667 0.018333333333333333
3 0.73 0.44666666666666666 0.006666666666666667 0.016666666666666666
3 0.18291666666666667 0.8241666666666667 0.005833333333333334 0.015
3 0.82875 0.635 0.0075 0.016666666666666666
3 0.7183333333333334 0.4791666666666667 0.005 0.015
3 0.9908333333333333 0.7558333333333334 0.008333333333333333 0.018333333333333333
3 0.52375 0.17833333333333334 0.0075 0.016666666666666666
3 0.7716666666666666 0.5625 0.008333333333333333 0.018333333333333333
3 0.455 0.1875 0.008333333333333333 0.018333333333333333
3 0.7820833333333334 0.3175 0.0075 0.015
3 0.46416666666666667 0.26416666666666666 0.008333333333333333 0.015
3 0.92625 0.43 0.0075 0.013333333333333334
3 0.1725 0.7983333333333333 0.008333333333333333 0.016666666666666666
3 0.9216666666666666 0.7266666666666667 0.008333333333333333 0.016666666666666666
3 0.225 0.18 0.01 0.02
3 0.12708333333333333 0.725 0.0075 0.016666666666666666
3 0.5191666666666667 0.2633333333333333 0.01 0.02
3 0.45666666666666667 0.7216666666666667 0.01 0.02
3 0.90125 0.755 0.0075 0.013333333333333334
3 0.4266666666666667 0.445 0.01 0.02
3 0.7879166666666667 0.0825 0.0075 0.015
3 0.22791666666666666 0.2225 0.009166666666666667 0.018333333333333333
3 0.21208333333333335 0.3933333333333333 0.009166666666666667 0.02
3 0.815 0.22 0.01 0.02
3 0.71125 0.7541666666666667 0.024166666666666666 0.04833333333333333
3 0.94375 0.9041666666666667 0.024166666666666666 0.04833333333333333
3 0.6291666666666667 0.9283333333333333 0.008333333333333333 0.016666666666666666
3 0.48791666666666667 0.3975 0.009166666666666667 0.018333333333333333
3 0.021666666666666667 0.2 0.01 0.02
3 0.10625 0.7391666666666666 0.010833333333333334 0.021666666666666667
3 0.77625 0.9608333333333333 0.009166666666666667 0.018333333333333333
3 0.16916666666666666 0.3933333333333333 0.01 0.02
3 0.2604166666666667 0.9858333333333333 0.005833333333333334 0.011666666666666667
3 0.29125 0.0875 0.005833333333333334 0.011666666666666667
3 0.6770833333333334 0.3875 0.005833333333333334 0.008333333333333333
3 0.007083333333333333 0.21416666666666667 0.004166666666666667 0.011666666666666667
3 0.8725 0.2875 0.005 0.011666666666666667
3 0.50125 0.8733333333333333 0.004166666666666667 0.01
3 0.3854166666666667 0.024166666666666666 0.005833333333333334 0.015
3 0.5545833333333333 0.9425 0.009166666666666667 0.018333333333333333
3 0.9354166666666667 0.9391666666666667 0.009166666666666667 0.018333333333333333
3 0.6554166666666666 0.6358333333333334 0.009166666666666667 0.018333333333333333
3 0.13791666666666666 0.3225 0.009166666666666667 0.018333333333333333
3 0.46791666666666665 0.08 0.0075 0.016666666666666666
3 0.18541666666666667 0.5733333333333334 0.0075 0.013333333333333334
3 0.7595833333333334 0.8133333333333334 0.005833333333333334 0.013333333333333334
3 0.11458333333333333 0.06583333333333333 0.009166666666666667 0.018333333333333333
3 0.08375 0.8266666666666667 0.009166666666666667 0.016666666666666666
3 0.68375 0.5441666666666667 0.009166666666666667 0.018333333333333333
3 0.32375 0.7658333333333334 0.0075 0.011666666666666667
3 0.24583333333333332 0.4825 0.006666666666666667 0.015
3 0.38208333333333333 0.3408333333333333 0.005833333333333334 0.015
3 0.4475 0.665 0.008333333333333333 0.013333333333333334
3 0.46375 0.6975 0.009166666666666667 0.018333333333333333
3 0.44 0.6116666666666667 0.006666666666666667 0.016666666666666666
3 0.10125 0.2325 0.010833333333333334 0.021666666666666667
3 0.023333333333333334 0.06166666666666667 0.01 0.02
3 0.058333333333333334 0.345 0.008333333333333333 0.016666666666666666
3 0.7891666666666667 0.765 0.01 0.02
3 0.22875 0.11 0.014166666666666666 0.02666666666666667
3 0.61125 0.1425 0.014166666666666666 0.028333333333333332
3 0.8929166666666667 0.5458333333333333 0.0075 0.015
3 0.6670833333333334 0.9675 0.0075 0.015
3 0.485 0.6833333333333333 0.006666666666666667 0.013333333333333334
3 0.7775 0.5816666666666667 0.008333333333333333 0.016666666666666666
3 0.08166666666666667 0.5633333333333334 0.01 0.02
3 0.05416666666666667 0.4816666666666667 0.008333333333333333 0.016666666666666666
3 0.7241666666666666 0.07666666666666666 0.008333333333333333 0.016666666666666666
3 0.8791666666666667 0.3775 0.006666666666666667 0.011666666666666667
3 0.2604166666666667 0.2916666666666667 0.005833333333333334 0.01
3 0.6854166666666667 0.5708333333333333 0.010833333333333334 0.021666666666666667
3 0.6295833333333334 0.5375 0.010833333333333334 0.021666666666666667
3 0.9629166666666666 0.5375 0.010833333333333334 0.021666666666666667
3 0.06833333333333333 0.5516666666666666 0.011666666666666667 0.023333333333333334
3 0.34208333333333335 0.395 0.009166666666666667 0.02
3 0.8933333333333333 0.395 0.01 0.016666666666666666
3 0.7495833333333334 0.33 0.010833333333333334 0.02
3 0.19791666666666666 0.6808333333333333 0.009166666666666667 0.015
3 0.14666666666666667 0.21916666666666668 0.008333333333333333 0.018333333333333333
3 0.98125 0.11083333333333334 0.0075 0.018333333333333333
3 0.1975 0.13166666666666665 0.008333333333333333 0.02
3 0.6616666666666666 0.735 0.01 0.02
3 0.6970833333333334 0.0125 0.009166666666666667 0.018333333333333333
3 0.985 0.23333333333333334 0.01 0.02
3 0.3179166666666667 0.10583333333333333 0.009166666666666667 0.018333333333333333
3 0.6608333333333334 0.8516666666666667 0.008333333333333333 0.016666666666666666
3 0.5954166666666667 0.20583333333333334 0.010833333333333334 0.021666666666666667
3 0.09125 0.9291666666666667 0.010833333333333334 0.021666666666666667
3 0.6 0.28833333333333333 0.008333333333333333 0.016666666666666666
3 0.94625 0.8341666666666666 0.009166666666666667 0.018333333333333333
3 0.27375 0.4816666666666667 0.0075 0.016666666666666666
3 0.9708333333333333 0.5175 0.008333333333333333 0.018333333333333333
3 0.4925 0.25 0.01 0.02
3 0.07625 0.5325 0.0075 0.015
3 0.7025 0.435 0.008333333333333333 0.016666666666666666
3 0.36666666666666664 0.55 0.005 0.01
3 0.1375 0.055 0.005 0.01
3 0.8095833333333333 0.4483333333333333 0.004166666666666667 0.01
3 0.5733333333333334 0.9816666666666667 0.005 0.01
3 0.28 0.8316666666666667 0.006666666666666667 0.013333333333333334
3 0.7716666666666666 0.27 0.006666666666666667 0.013333333333333334
3 0.47291666666666665 0.9941666666666666 0.005833333333333334 0.011666666666666667
3 0.058333333333333334 0.3333333333333333 0.006666666666666667 0.013333333333333334
3 0.5245833333333333 0.8558333333333333 0.005833333333333334 0.011666666666666667
3 0.2725 0.3883333333333333 0.0033333333333333335 0.01
3 0.6179166666666667 0.945 0.005833333333333334 0.01
3 0.24083333333333334 0.9083333333333333 0.0033333333333333335 0.01
3 0.8391666666666666 0.14 0.005 0.006666666666666667
3 0.8104166666666667 0.3925 0.005833333333333334 0.011666666666666667
3 0.6795833333333333 0.06916666666666667 0.004166666666666667 0.008333333333333333
3 0.3883333333333333 0.8525 0.005 0.008333333333333333
3 0.2733333333333333 0.33666666666666667 0.006666666666666667 0.013333333333333334
3 0.21333333333333335 0.415 0.006666666666666667 0.013333333333333334
3 0.5741666666666667 0.9783333333333334 0.006666666666666667 0.013333333333333334
3 0.7575 0.44 0.006666666666666667 0.013333333333333334
3 0.9291666666666667 0.04083333333333333 0.008333333333333333 0.018333333333333333
3 0.6708333333333333 0.51 0.008333333333333333 0.016666666666666666
3 0.9083333333333333 0.1525 0.006666666666666667 0.015
3 0.405 0.8275 0.008333333333333333 0.015
3 0.4683333333333333 0.91 0.008333333333333333 0.016666666666666666
3 0.31875 0.8991666666666667 0.0075 0.015
3 0.50375 0.4275 0.009166666666666667 0.018333333333333333
3 0.39375 0.42083333333333334 0.010833333333333334 0.021666666666666667
3 0.8179166666666666 0.5241666666666667 0.010833333333333334 0.021666666666666667
3 0.8266666666666667 0.20916666666666667 0.005 0.011666666666666667
3 0.86125 0.6816666666666666 0.0075 0.013333333333333334
3 0.17041666666666666 0.4525 0.0075 0.015
3 0.8133333333333334 0.9191666666666667 0.006666666666666667 0.015
3 0.9908333333333333 0.7758333333333334 0.005 0.011666666666666667
3 0.46291666666666664 0.45166666666666666 0.0075 0.013333333333333334
3 0.9895833333333334 0.2758333333333333 0.0075 0.015
3 0.2520833333333333 0.6 0.0075 0.013333333333333334
3 0.10875 0.041666666666666664 0.0075 0.013333333333333334
3 0.30833333333333335 0.3525 0.01 0.021666666666666667
3 0.24208333333333334 0.11333333333333333 0.009166666666666667 0.02
3 0.1025 0.9025 0.01 0.018333333333333333
3 0.4320833333333333 0.20666666666666667 0.010833333333333334 0.02
3 0.27541666666666664 0.4925 0.010833333333333334 0.021666666666666667
3 0.6983333333333334 0.9125 0.011666666666666667 0.021666666666666667
3 0.2970833333333333 0.465 0.0125 0.023333333333333334
3 0.28291666666666665 0.29 0.009166666666666667 0.02
3 0.7054166666666667 0.4033333333333333 0.009166666666666667 0.02
3 0.24875 0.11416666666666667 0.010833333333333334 0.021666666666666667
3 0.15875 0.3075 0.010833333333333334 0.021666666666666667
3 0.7029166666666666 0.9425 0.010833333333333334 0.021666666666666667
3 0.46458333333333335 0.20666666666666667 0.009166666666666667 0.016666666666666666
3 0.6654166666666667 0.18916666666666668 0.010833333333333334 0.021666666666666667
3 0.11208333333333333 0.7058333333333333 0.009166666666666667 0.018333333333333333
3 0.8291666666666667 0.15166666666666667 0.01 0.02
3 0.44458333333333333 0.7558333333333334 0.009166666666666667 0.018333333333333333
3 0.2425 0.6933333333333334 0.01 0.02
3 0.9229166666666667 0.32416666666666666 0.0075 0.015
3 0.8895833333333333 0.49083333333333334 0.0075 0.015
3 0.6725 0.5091666666666667 0.006666666666666667 0.015
3 0.38416666666666666 0.3333333333333333 0.005 0.01
3 0.017916666666666668 0.4166666666666667 0.004166666666666667 0.01
3 0.9566666666666667 0.9433333333333334 0.006666666666666667 0.013333333333333334
3 0.01 0.023333333333333334 0.006666666666666667 0.013333333333333334
3 0.9675 0.9416666666666667 0.006666666666666667 0.013333333333333334
3 0.3625 0.7433333333333333 0.006666666666666667 0.013333333333333334
3 0.28375 0.9941666666666666 0.005833333333333334 0.011666666666666667
3 0.4741666666666667 0.7216666666666667 0.005 0.01
3 0.47041666666666665 0.10083333333333333 0.004166666666666667 0.008333333333333333
3 0.18458333333333332 0.8058333333333333 0.004166666666666667 0.008333333333333333
3 0.19 0.38083333333333336 0.005 0.008333333333333333
3 0.5466666666666666 0.8858333333333334 0.005 0.008333333333333333
3 0.86 0.27416666666666667 0.005 0.008333333333333333
3 0.505 0.9383333333333334 0.005 0.01
3 0.8154166666666667 0.20083333333333334 0.005833333333333334 0.011666666666666667
3 0.6691666666666667 0.22333333333333333 0.006666666666666667 0.013333333333333334
3 0.96 0.8916666666666667 0.005 0.01
3 0.034166666666666665 0.8083333333333333 0.006666666666666667 0.013333333333333334
3 0.85875 0.2475 0.009166666666666667 0.018333333333333333
3 0.97375 0.6641666666666667 0.0075 0.015
3 0.6641666666666667 0.305 0.008333333333333333 0.016666666666666666
3 0.8033333333333333 0.5925 0.008333333333333333 0.018333333333333333
3 0.5316666666666666 0.3491666666666667 0.006666666666666667 0.015
3 0.16916666666666666 0.4741666666666667 0.008333333333333333 0.015
3 0.48125 0.71 0.0075 0.016666666666666666
3 0.565 0.465 0.006666666666666667 0.013333333333333334
3 0.9008333333333334 0.38333333333333336 0.006666666666666667 0.013333333333333334
3 0.5833333333333334 0.5683333333333334 0.006666666666666667 0.013333333333333334
3 0.5866666666666667 0.7166666666666667 0.006666666666666667 0.013333333333333334
3 0.7425 0.96 0.006666666666666667 0.013333333333333334
3 0.6 0.5033333333333333 0.005 0.01
3 0.29291666666666666 0.4175 0.0075 0.011666666666666667
3 0.7433333333333333 0.905 0.008333333333333333 0.013333333333333334
3 0.38875 0.4608333333333333 0.009166666666666667 0.018333333333333333
3 0.9629166666666666 0.9008333333333334 0.009166666666666667 0.018333333333333333
3 0.15083333333333335 0.12583333333333332 0.008333333333333333 0.018333333333333333
3 0.46166666666666667 0.5708333333333333 0.008333333333333333 0.015
3 0.6008333333333333 0.37583333333333335 0.008333333333333333 0.018333333333333333
3 0.08333333333333333 0.44083333333333335 0.006666666666666667 0.015
3 0.5708333333333333 0.8066666666666666 0.006666666666666667 0.013333333333333334
3 0.08375 0.7558333333333334 0.005833333333333334 0.011666666666666667
3 0.09666666666666666 0.455 0.006666666666666667 0.013333333333333334
3 0.4558333333333333 0.43 0.008333333333333333 0.016666666666666666
3 0.16625 0.2275 0.009166666666666667 0.018333333333333333
3 0.6125 0.44166666666666665 0.008333333333333333 0.016666666666666666
3 0.42583333333333334 0.8091666666666667 0.008333333333333333 0.015
3 0.9925 0.07416666666666667 0.008333333333333333 0.015
3 0.87875 0.7241666666666666 0.0075 0.015
3 0.46625 0.01 0.009166666666666667 0.016666666666666666
3 0.49375 0.15666666666666668 0.0075 0.016666666666666666
3 0.10333333333333333 0.19666666666666666 0.01 0.02
3 0.41791666666666666 0.9325 0.010833333333333334 0.021666666666666667
3 0.9029166666666667 0.9791666666666666 0.0075 0.015
3 0.3570833333333333 0.32666666666666666 0.0075 0.013333333333333334
3 0.11708333333333333 0.23083333333333333 0.0075 0.015
3 0.88125 0.4008333333333333 0.0075 0.015
3 0.9666666666666667 0.8408333333333333 0.006666666666666667 0.011666666666666667
3 0.5008333333333334 0.205 0.006666666666666667 0.013333333333333334
3 0.16666666666666666 0.06666666666666667 0.006666666666666667 0.013333333333333334
3 0.8566666666666667 0.11666666666666667 0.006666666666666667 0.013333333333333334
3 0.5375 0.6716666666666666 0.006666666666666667 0.013333333333333334
3 0.4925 0.9883333333333333 0.006666666666666667 0.013333333333333334
3 0.26666666666666666 0.48 0.006666666666666667 0.013333333333333334
3 0.9241666666666667 0.6575 0.005 0.008333333333333333
3 0.12583333333333332 0.36083333333333334 0.005 0.008333333333333333
3 0.017083333333333332 0.6583333333333333 0.004166666666666667 0.01
3 0.7 0.23666666666666666 0.005 0.01
3 0.9425 0.515 0.005 0.01
3 0.15 0.02 0.005 0.01
3 0.1 0.17666666666666667 0.005 0.01
3 0.96 0.4075 0.005 0.008333333333333333
3 0.42041666666666666 0.8125 0.005833333333333334 0.011666666666666667
3 0.405 0.535 0.006666666666666667 0.013333333333333334
3 0.78 0.205 0.006666666666666667 0.013333333333333334
3 0.20041666666666666 0.9608333333333333 0.005833333333333334 0.011666666666666667
3 0.37916666666666665 0.325 0.006666666666666667 0.013333333333333334
3 0.43916666666666665 0.9616666666666667 0.006666666666666667 0.013333333333333334
3 0.13166666666666665 0.555 0.005 0.01
3 0.05625 0.9891666666666666 0.004166666666666667 0.008333333333333333
3 0.8416666666666667 0.2875 0.005 0.008333333333333333
3 0.29083333333333333 0.3408333333333333 0.005 0.008333333333333333
3 0.010833333333333334 0.9791666666666666 0.0033333333333333335 0.008333333333333333
3 0.5908333333333333 0.6941666666666667 0.0033333333333333335 0.008333333333333333
3 0.7266666666666667 0.755 0.006666666666666667 0.013333333333333334
3 0.8216666666666667 0.25166666666666665 0.006666666666666667 0.013333333333333334
3 0.00625 0.7575 0.005833333333333334 0.011666666666666667
3 0.023333333333333334 0.9816666666666667 0.006666666666666667 0.013333333333333334
3 0.75125 0.011666666666666667 0.0075 0.016666666666666666
3 0.6758333333333333 0.515 0.008333333333333333 0.016666666666666666
3 0.7945833333333333 0.5666666666666667 0.009166666666666667 0.016666666666666666
3 0.22041666666666668 0.27 0.0075 0.013333333333333334
3 0.38666666666666666 0.42 0.008333333333333333 0.016666666666666666
3 0.96 0.8466666666666667 0.008333333333333333 0.016666666666666666
3 0.04666666666666667 0.6791666666666667 0.018333333333333333 0.041666666666666664
3 0.6595833333333333 0.9741666666666666 0.019166666666666665 0.041666666666666664
3 0.48833333333333334 0.7891666666666667 0.018333333333333333 0.041666666666666664
3 0.77 0.44083333333333335 0.018333333333333333 0.041666666666666664
3 0.8175 0.30083333333333334 0.008333333333333333 0.018333333333333333
3 0.9654166666666667 0.4025 0.005833333333333334 0.015
3 0.8695833333333334 0.5875 0.009166666666666667 0.018333333333333333
3 0.7025 0.24666666666666667 0.006666666666666667 0.013333333333333334
3 0.8883333333333333 0.835 0.006666666666666667 0.013333333333333334
3 0.8416666666666667 0.9766666666666667 0.01 0.02
3 0.14 0.41 0.01 0.02
3 0.83125 0.6575 0.010833333333333334 0.021666666666666667
3 0.6395833333333333 0.5291666666666667 0.010833333333333334 0.021666666666666667
3 0.70625 0.3275 0.010833333333333334 0.021666666666666667
3 0.10083333333333333 0.5308333333333334 0.008333333333333333 0.018333333333333333
3 0.54625 0.37666666666666665 0.010833333333333334 0.02
3 0.6583333333333333 0.8891666666666667 0.01 0.021666666666666667
3 0.6529166666666667 0.5741666666666667 0.010833333333333334 0.021666666666666667
3 0.92375 0.4775 0.010833333333333334 0.021666666666666667
3 0.8316666666666667 0.16166666666666665 0.01 0.02
3 0.7979166666666667 0.06416666666666666 0.009166666666666667 0.018333333333333333
3 0.8345833333333333 0.5058333333333334 0.009166666666666667 0.018333333333333333
3 0.14291666666666666 0.9458333333333333 0.0125 0.025
3 0.043333333333333335 0.4708333333333333 0.013333333333333334 0.025
3 0.41375 0.9025 0.009166666666666667 0.021666666666666667
3 0.6870833333333334 0.9158333333333334 0.010833333333333334 0.021666666666666667
3 0.5520833333333334 0.5625 0.009166666666666667 0.018333333333333333
3 0.9825 0.49583333333333335 0.011666666666666667 0.021666666666666667
3 0.9883333333333333 0.6275 0.011666666666666667 0.025
3 0.3425 0.5366666666666666 0.011666666666666667 0.023333333333333334
3 0.9820833333333333 0.5333333333333333 0.0125 0.023333333333333334
3 0.7158333333333333 0.31166666666666665 0.013333333333333334 0.02666666666666667
3 0.6441666666666667 0.59 0.013333333333333334 0.02666666666666667
3 0.3770833333333333 0.2825 0.0125 0.025
3 0.5004166666666666 0.3175 0.0125 0.025
3 0.5979166666666667 0.049166666666666664 0.014166666666666666 0.028333333333333332
