2 0.4496875 0.13083333333333333 0.035625 0.055
2 0.291875 0.050416666666666665 0.05125 0.07083333333333333
3 0.301875 0.525 0.01 0.016666666666666666
3 0.0234375 0.7841666666666667 0.010625 0.016666666666666666
3 0.2546875 0.3770833333333333 0.011875 0.0125
3 0.9296875 0.5308333333333334 0.013125 0.016666666666666666
3 0.13125 0.4354166666666667 0.01 0.014166666666666666
3 0.25125 0.6441666666666667 0.01125 0.015
3 0.1025 0.03375 0.01 0.014166666666666666
3 0.1440625 0.70375 0.011875 0.0175
3 0.631875 0.5379166666666667 0.01375 0.019166666666666665
3 0.3290625 0.38708333333333333 0.014375 0.0175
3 0.9009375 0.42375 0.011875 0.0125
3 0.8971875 0.24458333333333335 0.011875 0.019166666666666665
3 0.9278125 0.8545833333333334 0.011875 0.019166666666666665
3 0.2403125 0.8475 0.006875 0.008333333333333333
3 0.5975 0.73375 0.005 0.0075
3 0.77375 0.6391666666666667 0.0075 0.01
3 0.2253125 0.7516666666666667 0.010625 0.015
3 0.7584375 0.6416666666666667 0.011875 0.016666666666666666
3 0.8175 0.9516666666666667 0.00875 0.013333333333333334
3 0.70375 0.9270833333333334 0.01 0.0125
3 0.5703125 0.21375 0.009375 0.010833333333333334
3 0.48375 0.86 0.01125 0.015
3 0.4475 0.33125 0.0125 0.0175
3 0.5996875 0.6995833333333333 0.011875 0.015833333333333335
3 0.6615625 0.9695833333333334 0.011875 0.015833333333333335
3 0.420625 0.54125 0.01125 0.014166666666666666
3 0.2534375 0.3804166666666667 0.010625 0.014166666666666666
3 0.3078125 0.6658333333333334 0.009375 0.011666666666666667
3 0.4825 0.42791666666666667 0.0125 0.0175
3 0.52625 0.61875 0.015 0.019166666666666665
3 0.5340625 0.6379166666666667 0.015625 0.020833333333333332
3 0.4034375 0.28791666666666665 0.010625 0.014166666666666666
3 0.52 0.6641666666666667 0.01125 0.015
3 0.7084375 0.11625 0.013125 0.0175
3 0.3365625 0.2970833333333333 0.011875 0.015833333333333335
3 0.9309375 0.21541666666666667 0.011875 0.015833333333333335
3 0.5178125 0.90875 0.010625 0.014166666666666666
4 0.3953125 0.36583333333333334 0.025625 0.03666666666666667
4 0.3253125 0.8545833333333334 0.024375 0.0275
4 0.605625 0.9279166666666666 0.0275 0.035833333333333335
4 0.371875 0.8629166666666667 0.0225 0.034166666666666665
2 0.353125 0.7933333333333333 0.025 0.055
2 0.239375 0.9191666666666667 0.03125 0.055
2 0.1965625 0.5791666666666667 0.039375 0.04833333333333333
2 0.0375 0.44708333333333333 0.04125 0.035833333333333335
2 0.3715625 0.83 0.033125 0.02
2 0.28875 0.49916666666666665 0.0325 0.016666666666666666
2 0.869375 0.29125 0.03 0.0375
2 0.9771875 0.26666666666666666 0.030625 0.03666666666666667
2 0.865625 0.7795833333333333 0.0275 0.04083333333333333
2 0.50625 0.16958333333333334 0.0325 0.0175
3 0.66375 0.33625 0.01125 0.014166666666666666
3 0.5065625 0.2525 0.011875 0.015
3 0.32125 0.24291666666666667 0.01125 0.014166666666666666
3 0.844375 0.80875 0.01125 0.015833333333333335
3 0.020625 0.8708333333333333 0.01 0.013333333333333334
3 0.361875 0.6716666666666666 0.01 0.013333333333333334
3 0.91875 0.7858333333333334 0.00875 0.011666666666666667
3 0.5175 0.12625 0.00875 0.0125
3 0.901875 0.6608333333333334 0.0125 0.016666666666666666
3 0.0465625 0.7041666666666667 0.010625 0.015
3 0.5915625 0.05458333333333333 0.009375 0.014166666666666666
3 0.6421875 0.6120833333333333 0.008125 0.010833333333333334
3 0.2528125 0.855 0.006875 0.01
3 0.7071875 0.79125 0.008125 0.010833333333333334
3 0.2525 0.6241666666666666 0.01 0.013333333333333334
3 0.9184375 0.9525 0.009375 0.013333333333333334
2 0.4996875 0.25875 0.010625 0.019166666666666665
2 0.321875 0.5341666666666667 0.015 0.016666666666666666
2 0.5890625 0.7670833333333333 0.015625 0.0175
2 0.2565625 0.6520833333333333 0.010625 0.019166666666666665
2 0.545625 0.06833333333333333 0.0125 0.02
3 0.688125 0.9104166666666667 0.00875 0.010833333333333334
3 0.0046875 0.021666666666666667 0.008125 0.01
3 0.32375 0.7533333333333333 0.0075 0.01
3 0.0328125 0.7620833333333333 0.006875 0.009166666666666667
3 0.499375 0.23333333333333334 0.0075 0.01
3 0.4596875 0.42375 0.008125 0.010833333333333334
3 0.6165625 0.05708333333333333 0.005625 0.0075
3 0.1096875 0.4295833333333333 0.010625 0.014166666666666666
3 0.5253125 0.5045833333333334 0.010625 0.014166666666666666
3 0.9115625 0.20375 0.010625 0.014166666666666666
3 0.716875 0.7633333333333333 0.00875 0.011666666666666667
3 0.21 0.4 0.01 0.013333333333333334
3 0.17625 0.32708333333333334 0.00875 0.010833333333333334
3 0.611875 0.185 0.01 0.013333333333333334
3 0.4725 0.35791666666666666 0.00875 0.0125
3 0.9715625 0.11083333333333334 0.009375 0.013333333333333334
3 0.634375 0.2991666666666667 0.01 0.013333333333333334
3 0.0378125 0.4683333333333333 0.009375 0.011666666666666667
3 0.7453125 0.53 0.008125 0.01
2 0.690625 0.03208333333333333 0.0275 0.0175
2 0.506875 0.7475 0.0275 0.023333333333333334
3 0.9240625 0.27958333333333335 0.009375 0.014166666666666666
3 0.955625 0.0575 0.00875 0.013333333333333334
3 0.466875 0.2808333333333333 0.0125 0.016666666666666666
3 0.633125 0.3625 0.00875 0.013333333333333334
3 0.4046875 0.7083333333333334 0.010625 0.015
3 0.4671875 0.9391666666666667 0.010625 0.015
3 0.311875 0.6395833333333333 0.00875 0.0125
3 0.476875 0.6058333333333333 0.01125 0.015
3 0.9 0.40875 0.01125 0.019166666666666665
3 0.8690625 0.06791666666666667 0.009375 0.0175
3 0.8396875 0.15916666666666668 0.014375 0.015
2 0.5575 0.31416666666666665 0.0275 0.03666666666666667
2 0.1178125 0.1675 0.025625 0.035
2 0.0528125 0.5520833333333334 0.020625 0.030833333333333334
2 0.2565625 0.8666666666666667 0.020625 0.03
3 0.2703125 0.8758333333333334 0.013125 0.018333333333333333
3 0.438125 0.8720833333333333 0.0125 0.015833333333333335
3 0.961875 0.3233333333333333 0.0125 0.015
3 0.7834375 0.8783333333333333 0.011875 0.016666666666666666
3 0.580625 0.46208333333333335 0.0125 0.0175
3 0.51875 0.07666666666666666 0.0125 0.015
4 0.0196875 0.63 0.028125 0.023333333333333334
4 0.4421875 0.5916666666666667 0.026875 0.03666666666666667
4 0.1171875 0.3775 0.023125 0.03833333333333333
4 0.619375 0.76125 0.025 0.0375
4 0.194375 0.21666666666666667 0.02 0.03833333333333333
4 0.8321875 0.6041666666666666 0.019375 0.03833333333333333
4 0.4784375 0.7341666666666666 0.025625 0.02666666666666667
4 0.5475 0.6983333333333334 0.0225 0.03333333333333333
4 0.0775 0.6725 0.02375 0.018333333333333333
3 0.7225 0.6504166666666666 0.0075 0.009166666666666667
3 0.44375 0.6320833333333333 0.01 0.0125
3 0.244375 0.9695833333333334 0.0075 0.010833333333333334
3 0.63 0.13333333333333333 0.0075 0.008333333333333333
3 0.2434375 0.3258333333333333 0.006875 0.01
3 0.7184375 0.17708333333333334 0.006875 0.010833333333333334
3 0.50625 0.6945833333333333 0.00625 0.009166666666666667
3 0.5846875 0.4579166666666667 0.005625 0.009166666666666667
3 0.23625 0.14583333333333334 0.00875 0.011666666666666667
3 0.0771875 0.37041666666666667 0.006875 0.010833333333333334
4 0.95125 0.04583333333333333 0.02125 0.02666666666666667
4 0.8596875 0.6958333333333333 0.020625 0.028333333333333332
4 0.0653125 0.43291666666666667 0.015625 0.025833333333333333
4 0.335625 0.29875 0.02 0.0225
4 0.1853125 0.845 0.020625 0.028333333333333332
3 0.0290625 0.1025 0.008125 0.01
3 0.851875 0.9695833333333334 0.0075 0.010833333333333334
3 0.4221875 0.5325 0.011875 0.011666666666666667
3 0.188125 0.8841666666666667 0.01375 0.016666666666666666
3 0.8778125 0.6958333333333333 0.008125 0.015
3 0.52125 0.7533333333333333 0.01375 0.018333333333333333
3 0.838125 0.9 0.01375 0.018333333333333333
3 0.7625 0.2916666666666667 0.0125 0.018333333333333333
3 0.088125 0.20458333333333334 0.00875 0.010833333333333334
3 0.2753125 0.90125 0.009375 0.010833333333333334
3 0.2978125 0.8429166666666666 0.006875 0.010833333333333334
3 0.9828125 0.3958333333333333 0.006875 0.008333333333333333
3 0.715625 0.029166666666666667 0.0075 0.01
3 0.079375 0.8241666666666667 0.0075 0.01
3 0.3690625 0.01 0.005625 0.006666666666666667
3 0.925625 0.895 0.00625 0.008333333333333333
3 0.195625 0.9075 0.00625 0.008333333333333333
3 0.809375 0.94 0.0075 0.01
3 0.074375 0.8391666666666666 0.00625 0.008333333333333333
3 0.4153125 0.65125 0.006875 0.009166666666666667
3 0.0165625 0.9420833333333334 0.006875 0.009166666666666667
3 0.523125 0.395 0.0075 0.01
3 0.436875 0.24333333333333335 0.00625 0.008333333333333333
3 0.709375 0.5425 0.0075 0.01
3 0.00875 0.6575 0.0075 0.01
3 0.4875 0.7766666666666666 0.00625 0.008333333333333333
3 0.7046875 0.9645833333333333 0.009375 0.0125
3 0.1084375 0.7654166666666666 0.009375 0.0125
3 0.4809375 0.40708333333333335 0.009375 0.0125
3 0.4365625 0.020416666666666666 0.006875 0.010833333333333334
3 0.0453125 0.7545833333333334 0.008125 0.010833333333333334
3 0.4984375 0.6554166666666666 0.008125 0.010833333333333334
3 0.933125 0.45 0.01 0.015
3 0.2771875 0.70875 0.010625 0.015833333333333335
3 0.284375 0.27166666666666667 0.0125 0.016666666666666666
3 0.3628125 0.48 0.011875 0.016666666666666666
3 0.4071875 0.7333333333333333 0.005625 0.008333333333333333
3 0.271875 0.9241666666666667 0.00625 0.006666666666666667
3 0.5678125 0.6745833333333333 0.004375 0.0075
3 0.133125 0.11208333333333333 0.00625 0.009166666666666667
3 0.328125 0.58 0.0075 0.01
3 0.8953125 0.84 0.006875 0.008333333333333333
3 0.504375 0.6241666666666666 0.0075 0.01
3 0.185 0.45 0.0075 0.01
3 0.954375 0.5204166666666666 0.00625 0.009166666666666667
3 0.04625 0.3516666666666667 0.00625 0.006666666666666667
3 0.3359375 0.3025 0.004375 0.008333333333333333
3 0.8384375 0.8341666666666666 0.006875 0.008333333333333333
3 0.4175 0.4666666666666667 0.0075 0.01
3 0.899375 0.80625 0.005 0.0075
3 0.98875 0.3983333333333333 0.00625 0.008333333333333333
3 0.1265625 0.09416666666666666 0.005625 0.006666666666666667
3 0.7459375 0.5091666666666667 0.005625 0.006666666666666667
3 0.860625 0.9241666666666667 0.00625 0.008333333333333333
3 0.963125 0.31083333333333335 0.00625 0.01
3 0.1653125 0.2375 0.008125 0.01
3 0.161875 0.2925 0.00875 0.011666666666666667
3 0.2225 0.5045833333333334 0.00875 0.010833333333333334
3 0.198125 0.37583333333333335 0.0075 0.008333333333333333
3 0.83375 0.05375 0.00875 0.010833333333333334
3 0.5071875 0.6004166666666667 0.006875 0.0075
3 0.6446875 0.28458333333333335 0.008125 0.009166666666666667
3 0.504375 0.10708333333333334 0.00875 0.010833333333333334
3 0.3859375 0.9104166666666667 0.006875 0.0075
3 0.99125 0.8620833333333333 0.005 0.0075
3 0.160625 0.7520833333333333 0.00625 0.0075
3 0.0284375 0.4666666666666667 0.004375 0.006666666666666667
3 0.7165625 0.06791666666666667 0.005625 0.0075
3 0.628125 0.15625 0.00625 0.0075
3 0.741875 0.03916666666666667 0.00625 0.008333333333333333
3 0.444375 0.17916666666666667 0.0075 0.01
3 0.5121875 0.15166666666666667 0.006875 0.008333333333333333
3 0.5915625 0.7525 0.008125 0.011666666666666667
3 0.5834375 0.6508333333333334 0.009375 0.013333333333333334
3 0.605 0.17375 0.01 0.0125
3 0.1190625 0.6825 0.009375 0.011666666666666667
3 0.2046875 0.48583333333333334 0.009375 0.011666666666666667
3 0.08 0.29333333333333333 0.0075 0.008333333333333333
3 0.635625 0.2654166666666667 0.0075 0.010833333333333334
3 0.045 0.4995833333333333 0.00875 0.010833333333333334
3 0.1996875 0.7033333333333334 0.008125 0.011666666666666667
3 0.1259375 0.5570833333333334 0.009375 0.0125
3 0.1065625 0.027916666666666666 0.011875 0.015833333333333335
3 0.4384375 0.34958333333333336 0.009375 0.014166666666666666
3 0.33125 0.38708333333333333 0.01 0.010833333333333334
3 0.4859375 0.14625 0.011875 0.015833333333333335
3 0.668125 0.395 0.01125 0.013333333333333334
3 0.8453125 0.9075 0.009375 0.015
3 0.645625 0.6675 0.0075 0.011666666666666667
3 0.450625 0.30791666666666667 0.00875 0.010833333333333334
3 0.13 0.3258333333333333 0.00875 0.011666666666666667
3 0.8484375 0.6258333333333334 0.008125 0.011666666666666667
3 0.286875 0.49083333333333334 0.00875 0.011666666666666667
3 0.13875 0.18916666666666668 0.00875 0.011666666666666667
2 0.7153125 0.03833333333333333 0.023125 0.03333333333333333
2 0.7421875 0.37166666666666665 0.018125 0.03333333333333333
2 0.128125 0.89625 0.025 0.030833333333333334
4 0.5528125 0.13166666666666665 0.053125 0.06166666666666667
4 0.9459375 0.6454166666666666 0.046875 0.050833333333333335
3 0.90125 0.08041666666666666 0.00625 0.0075
3 0.090625 0.7508333333333334 0.00625 0.008333333333333333
3 0.826875 0.9683333333333334 0.00375 0.006666666666666667
3 0.224375 0.84 0.00625 0.008333333333333333
3 0.9925 0.06208333333333333 0.00625 0.0075
3 0.73875 0.225 0.01 0.011666666666666667
3 0.3590625 0.17166666666666666 0.009375 0.01
3 0.75625 0.855 0.00875 0.013333333333333334
3 0.7090625 0.98125 0.009375 0.010833333333333334
3 0.3765625 0.5491666666666667 0.009375 0.013333333333333334
3 0.7790625 0.6475 0.006875 0.011666666666666667
3 0.23375 0.5508333333333333 0.00875 0.011666666666666667
3 0.853125 0.3416666666666667 0.00875 0.011666666666666667
2 0.196875 0.43166666666666664 0.01125 0.028333333333333332
2 0.7690625 0.2791666666666667 0.008125 0.02666666666666667
3 0.9165625 0.5154166666666666 0.009375 0.0125
3 0.9634375 0.39166666666666666 0.005625 0.01
3 0.168125 0.85125 0.00875 0.0125
3 0.28875 0.36333333333333334 0.00625 0.008333333333333333
3 0.7975 0.8283333333333334 0.0075 0.01
3 0.1540625 0.07708333333333334 0.008125 0.010833333333333334
3 0.70875 0.20583333333333334 0.00625 0.008333333333333333
3 0.2328125 0.66625 0.006875 0.009166666666666667
3 0.1790625 0.16125 0.005625 0.009166666666666667
3 0.3721875 0.37583333333333335 0.008125 0.011666666666666667
3 0.27125 0.5966666666666667 0.00875 0.011666666666666667
3 0.1121875 0.8241666666666667 0.010625 0.013333333333333334
3 0.4121875 0.7091666666666666 0.011875 0.016666666666666666
3 0.1878125 0.6679166666666667 0.010625 0.0125
3 0.33 0.41291666666666665 0.0125 0.0175
3 0.15 0.19791666666666666 0.01125 0.0175
3 0.54375 0.36083333333333334 0.01375 0.016666666666666666
3 0.7390625 0.5070833333333333 0.014375 0.019166666666666665
3 0.1071875 0.4816666666666667 0.010625 0.015
3 0.7 0.32708333333333334 0.01125 0.014166666666666666
3 0.216875 0.875 0.01125 0.015
3 0.3021875 0.3720833333333333 0.009375 0.014166666666666666
3 0.1078125 0.5258333333333334 0.010625 0.015
3 0.5190625 0.4375 0.010625 0.013333333333333334
3 0.5984375 0.47625 0.010625 0.014166666666666666
3 0.908125 0.9716666666666667 0.01 0.013333333333333334
3 0.3253125 0.14291666666666666 0.008125 0.010833333333333334
3 0.9578125 0.37125 0.008125 0.010833333333333334
3 0.4746875 0.9183333333333333 0.008125 0.011666666666666667
3 0.0675 0.20083333333333334 0.01 0.013333333333333334
3 0.646875 0.56875 0.01 0.0125
3 0.8075 0.6066666666666667 0.005 0.005
3 0.9115625 0.9216666666666666 0.005625 0.008333333333333333
3 0.6234375 0.40125 0.005625 0.0075
3 0.0040625 0.46208333333333335 0.006875 0.009166666666666667
3 0.4946875 0.32125 0.006875 0.009166666666666667
3 0.6415625 0.012083333333333333 0.005625 0.0075
3 0.7921875 0.8975 0.004375 0.005
3 0.92125 0.9383333333333334 0.005 0.006666666666666667
3 0.1384375 0.5520833333333334 0.005625 0.0075
3 0.4865625 0.49333333333333335 0.004375 0.008333333333333333
3 0.05125 0.9695833333333334 0.00625 0.005833333333333334
3 0.4778125 0.40791666666666665 0.005625 0.009166666666666667
3 0.6 0.018333333333333333 0.0075 0.008333333333333333
4 0.125 0.5008333333333334 0.0175 0.02
4 0.2690625 0.21708333333333332 0.018125 0.0125
4 0.2015625 0.5604166666666667 0.018125 0.0125
4 0.170625 0.19291666666666665 0.0375 0.0475
4 0.0325 0.48375 0.0425 0.0325
4 0.4940625 0.125 0.018125 0.056666666666666664
0 0.134375 0.96 0.0625 0.07
0 0.7315625 0.18125 0.059375 0.0875
0 0.48 0.8416666666666667 0.065 0.08833333333333333
0 0.3853125 0.80125 0.064375 0.07583333333333334
1 0.5640625 0.8616666666666667 0.018125 0.025
1 0.208125 0.7308333333333333 0.015 0.021666666666666667
1 0.25125 0.3929166666666667 0.01875 0.024166666666666666
1 0.021875 0.695 0.01625 0.02
1 0.565 0.45708333333333334 0.0175 0.024166666666666666
1 0.3340625 0.10416666666666667 0.011875 0.013333333333333334
1 0.4940625 0.2375 0.013125 0.016666666666666666
1 0.5540625 0.18125 0.013125 0.015833333333333335
1 0.0621875 0.85125 0.013125 0.0225
1 0.17125 0.15333333333333332 0.015 0.023333333333333334
1 0.82625 0.695 0.02 0.035
1 0.543125 0.0825 0.0175 0.035
1 0.928125 0.37333333333333335 0.02625 0.025
1 0.385 0.6991666666666667 0.01625 0.021666666666666667
1 0.5971875 0.2995833333333333 0.015625 0.020833333333333332
1 0.290625 0.2608333333333333 0.01625 0.021666666666666667
1 0.7709375 0.20333333333333334 0.015625 0.021666666666666667
0 0.366875 0.11458333333333333 0.03875 0.05583333333333333
0 0.38125 0.90875 0.03875 0.04416666666666667
0 0.4659375 0.37333333333333335 0.035625 0.03833333333333333
0 0.02375 0.16 0.0425 0.055
0 0.3090625 0.25875 0.029375 0.03916666666666667
0 0.3259375 0.9525 0.026875 0.028333333333333332
0 0.3859375 0.11916666666666667 0.029375 0.035
0 0.466875 0.9625 0.02875 0.04
0 0.9090625 0.67375 0.029375 0.035833333333333335
