2 0.4353125 0.39958333333333335 0.038125 0.030833333333333334
2 0.3471875 0.5666666666666667 0.038125 0.028333333333333332
2 0.8003125 0.7870833333333334 0.043125 0.059166666666666666
2 0.8459375 0.45916666666666667 0.024375 0.065
2 0.2090625 0.5341666666666667 0.024375 0.021666666666666667
2 0.96625 0.6541666666666667 0.025 0.03166666666666667
2 0.2828125 0.915 0.034375 0.03
2 0.4159375 0.21833333333333332 0.020625 0.045
2 0.048125 0.017916666666666668 0.035 0.0325
2 0.923125 0.04083333333333333 0.03625 0.03833333333333333
2 0.0859375 0.15666666666666668 0.030625 0.04833333333333333
2 0.4028125 0.35208333333333336 0.025625 0.03916666666666667
2 0.190625 0.6220833333333333 0.03 0.0275
2 0.7559375 0.12125 0.028125 0.035833333333333335
