2 0.69875 0.8745833333333334 0.03125 0.0475
2 0.7634375 0.88 0.038125 0.023333333333333334
2 0.7059375 0.49375 0.019375 0.050833333333333335
2 0.5959375 0.06791666666666667 0.044375 0.0575
2 0.154375 0.46791666666666665 0.04875 0.0325
2 0.2546875 0.8966666666666666 0.041875 0.06
2 0.59125 0.5695833333333333 0.025 0.025833333333333333
2 0.9 0.58625 0.015 0.0325
2 0.585 0.12458333333333334 0.0225 0.04583333333333333
2 0.48125 0.95 0.02125 0.045
2 0.791875 0.2025 0.02625 0.03833333333333333
2 0.08875 0.13458333333333333 0.015 0.03916666666666667
2 0.5940625 0.77125 0.025625 0.03916666666666667
2 0.52625 0.7741666666666667 0.0125 0.03833333333333333
