2 0.41625 0.5629166666666666 0.025 0.050833333333333335
2 0.7340625 0.61125 0.038125 0.030833333333333334
2 0.15625 0.25833333333333336 0.03625 0.04
2 0.3059375 0.63375 0.024375 0.050833333333333335
2 0.1578125 0.8379166666666666 0.018125 0.050833333333333335
2 0.44 0.8804166666666666 0.025 0.050833333333333335
2 0.2375 0.7545833333333334 0.0475 0.0225
2 0.296875 0.43041666666666667 0.03 0.06583333333333333
2 0.8396875 0.9629166666666666 0.035625 0.06416666666666666
2 0.16125 0.2520833333333333 0.03 0.06583333333333333
2 0.6775 0.89375 0.025 0.025833333333333333
2 0.81375 0.056666666666666664 0.0175 0.03333333333333333
2 0.086875 0.45875 0.025 0.024166666666666666
2 0.0459375 0.82375 0.033125 0.0475
2 0.33125 0.1475 0.03625 0.04
2 0.675625 0.2554166666666667 0.0225 0.04583333333333333
2 0.126875 0.39125 0.02625 0.0475
2 0.26875 0.45666666666666667 0.03625 0.03833333333333333
2 0.9375 0.33 0.03625 0.03833333333333333
2 0.34125 0.6275 0.02625 0.03833333333333333
2 0.12875 0.7645833333333333 0.03 0.024166666666666666
2 0.810625 0.11583333333333333 0.02875 0.035
