2 0.0234375 0.11125 0.038125 0.0225
2 0.07125 0.8291666666666667 0.0375 0.035
2 0.4825 0.14291666666666666 0.0225 0.050833333333333335
2 0.523125 0.4191666666666667 0.04875 0.03166666666666667
2 0.8603125 0.47541666666666665 0.043125 0.059166666666666666
2 0.8315625 0.4691666666666667 0.025625 0.028333333333333332
2 0.5925 0.5691666666666667 0.025 0.03
2 0.8415625 0.09291666666666666 0.024375 0.0325
2 0.3190625 0.41333333333333333 0.023125 0.03333333333333333
2 0.55625 0.9154166666666667 0.0225 0.04583333333333333
2 0.68625 0.045 0.02875 0.04833333333333333
2 0.2015625 0.36875 0.025625 0.0475
2 0.685 0.76 0.01875 0.043333333333333335
2 0.1375 0.9675 0.03 0.03
2 0.3734375 0.0775 0.019375 0.04
2 0.48375 0.6954166666666667 0.03 0.030833333333333334
2 0.9475 0.21166666666666667 0.02625 0.03833333333333333
