2 0.5315625 0.2791666666666667 0.038125 0.03
2 0.1415625 0.23458333333333334 0.036875 0.0375
2 0.63 0.29875 0.0375 0.034166666666666665
2 0.516875 0.94875 0.035 0.06416666666666666
2 0.0825 0.37875 0.0475 0.024166666666666666
2 0.279375 0.8754166666666666 0.04875 0.04416666666666667
2 0.0878125 0.20208333333333334 0.036875 0.06416666666666666
2 0.8075 0.4379166666666667 0.04125 0.060833333333333336
2 0.69875 0.4116666666666667 0.025 0.023333333333333334
2 0.8325 0.27 0.01875 0.03333333333333333
2 0.5090625 0.5716666666666667 0.019375 0.03333333333333333
2 0.010625 0.13375 0.015 0.0325
2 0.4140625 0.89125 0.025625 0.029166666666666667
2 0.1034375 0.3525 0.025625 0.028333333333333332
2 0.02875 0.08958333333333333 0.03375 0.0275
2 0.7703125 0.94625 0.033125 0.025833333333333333
2 0.9625 0.6558333333333334 0.0325 0.04833333333333333
2 0.29375 0.6345833333333334 0.03375 0.029166666666666667
2 0.036875 0.6779166666666666 0.03625 0.04083333333333333
2 0.67875 0.2991666666666667 0.03 0.04833333333333333
2 0.664375 0.8329166666666666 0.03 0.0325
2 0.5375 0.95 0.02375 0.04
2 0.5115625 0.27416666666666667 0.018125 0.04
2 0.9796875 0.4 0.028125 0.03666666666666667
