3 0.6815625 0.9408333333333333 0.028125 0.03666666666666667
3 0.406875 0.47208333333333335 0.02375 0.0275
3 0.9346875 0.78375 0.028125 0.035833333333333335
3 0.1721875 0.43375 0.013125 0.019166666666666665
3 0.4653125 0.24791666666666667 0.014375 0.0175
3 0.145 0.33125 0.01625 0.020833333333333332
3 0.6178125 0.48541666666666666 0.015625 0.019166666666666665
3 0.57375 0.15791666666666668 0.0175 0.0225
3 0.0284375 0.1825 0.016875 0.025
3 0.476875 0.7270833333333333 0.02 0.0275
3 0.45875 0.17375 0.02 0.025833333333333333
3 0.2878125 0.7441666666666666 0.019375 0.02666666666666667
3 0.3375 0.4225 0.01375 0.021666666666666667
3 0.18375 0.5504166666666667 0.01625 0.024166666666666666
3 0.25125 0.38458333333333333 0.0175 0.0275
3 0.07125 0.13416666666666666 0.02125 0.02666666666666667
3 0.4840625 0.36916666666666664 0.020625 0.028333333333333332
3 0.6615625 0.7041666666666667 0.020625 0.023333333333333334
3 0.785 0.04833333333333333 0.02125 0.025
3 0.560625 0.32708333333333334 0.01375 0.015833333333333335
3 0.9678125 0.24 0.016875 0.023333333333333334
3 0.968125 0.44416666666666665 0.01625 0.02
3 0.220625 0.20666666666666667 0.0125 0.018333333333333333
3 0.1584375 0.12958333333333333 0.015625 0.0225
3 0.6390625 0.26625 0.015625 0.0225
3 0.26375 0.18833333333333332 0.01375 0.018333333333333333
3 0.28 0.42583333333333334 0.015 0.02
3 0.7478125 0.5770833333333333 0.011875 0.015833333333333335
3 0.0734375 0.22041666666666668 0.013125 0.0175
3 0.20375 0.32166666666666666 0.015 0.02
3 0.543125 0.9575 0.01375 0.018333333333333333
3 0.025625 0.31583333333333335 0.0175 0.023333333333333334
3 0.36 0.034166666666666665 0.0175 0.023333333333333334
3 0.9084375 0.7370833333333333 0.016875 0.0225
3 0.64625 0.5308333333333334 0.0175 0.023333333333333334
3 0.3634375 0.6470833333333333 0.016875 0.0225
3 0.88 0.2529166666666667 0.01375 0.0175
3 0.256875 0.64 0.01625 0.021666666666666667
3 0.593125 0.24541666666666667 0.01875 0.024166666666666666
3 0.8953125 0.83 0.016875 0.023333333333333334
3 0.388125 0.16333333333333333 0.01125 0.015
3 0.306875 0.825 0.01125 0.015
3 0.8415625 0.61 0.013125 0.016666666666666666
3 0.696875 0.6770833333333334 0.0125 0.015833333333333335
3 0.45375 0.37875 0.01125 0.014166666666666666
3 0.45875 0.44916666666666666 0.01375 0.018333333333333333
3 0.1571875 0.32708333333333334 0.013125 0.0175
3 0.721875 0.13791666666666666 0.01 0.014166666666666666
3 0.844375 0.9129166666666667 0.0125 0.0175
3 0.421875 0.030833333333333334 0.02 0.02666666666666667
3 0.4946875 0.8383333333333334 0.019375 0.02666666666666667
3 0.9728125 0.5108333333333334 0.013125 0.02
3 0.0675 0.61875 0.01625 0.019166666666666665
3 0.31625 0.030833333333333334 0.01875 0.023333333333333334
3 0.91 0.2945833333333333 0.02 0.025833333333333333
3 0.2621875 0.5616666666666666 0.016875 0.021666666666666667
3 0.9809375 0.2529166666666667 0.014375 0.020833333333333332
3 0.1196875 0.30333333333333334 0.016875 0.021666666666666667
3 0.0590625 0.6075 0.016875 0.021666666666666667
3 0.514375 0.38875 0.01375 0.015833333333333335
3 0.6578125 0.03208333333333333 0.016875 0.020833333333333332
3 0.8246875 0.9220833333333334 0.014375 0.019166666666666665
3 0.534375 0.8945833333333333 0.0125 0.015833333333333335
3 0.09375 0.28708333333333336 0.01375 0.0175
3 0.65125 0.22041666666666668 0.01375 0.0175
3 0.1428125 0.15708333333333332 0.014375 0.019166666666666665
3 0.1228125 0.20458333333333334 0.010625 0.014166666666666666
3 0.55125 0.43666666666666665 0.01 0.013333333333333334
3 0.75375 0.0275 0.01 0.013333333333333334
3 0.8678125 0.024583333333333332 0.009375 0.0125
3 0.608125 0.7383333333333333 0.0125 0.016666666666666666
3 0.4309375 0.023333333333333334 0.010625 0.015
3 0.921875 0.7725 0.01 0.011666666666666667
3 0.451875 0.9029166666666667 0.01 0.014166666666666666
3 0.858125 0.28458333333333335 0.01125 0.014166666666666666
3 0.8853125 0.39875 0.009375 0.010833333333333334
3 0.9896875 0.2554166666666667 0.008125 0.010833333333333334
3 0.8734375 0.5866666666666667 0.009375 0.011666666666666667
3 0.329375 0.6491666666666667 0.01 0.013333333333333334
3 0.639375 0.32458333333333333 0.01 0.0125
3 0.053125 0.20791666666666667 0.00875 0.010833333333333334
3 0.26375 0.31166666666666665 0.01 0.013333333333333334
3 0.7584375 0.7625 0.005625 0.008333333333333333
3 0.9321875 0.835 0.005625 0.006666666666666667
3 0.5965625 0.29041666666666666 0.006875 0.009166666666666667
3 0.3278125 0.4895833333333333 0.006875 0.009166666666666667
3 0.93375 0.71125 0.00625 0.009166666666666667
3 0.8590625 0.03 0.006875 0.01
3 0.446875 0.8375 0.0075 0.01
3 0.7575 0.7466666666666667 0.0075 0.01
3 0.7265625 0.15125 0.008125 0.010833333333333334
3 0.6521875 0.8329166666666666 0.008125 0.010833333333333334
3 0.6503125 0.21625 0.008125 0.010833333333333334
3 0.675 0.6308333333333334 0.0075 0.01
3 0.646875 0.11375 0.00625 0.009166666666666667
3 0.2265625 0.475 0.006875 0.008333333333333333
3 0.3190625 0.82625 0.006875 0.009166666666666667
3 0.0475 0.41375 0.00625 0.009166666666666667
3 0.6615625 0.96875 0.006875 0.0075
3 0.7234375 0.8504166666666667 0.005625 0.005833333333333334
3 0.41 0.6945833333333333 0.0075 0.009166666666666667
3 0.4225 0.8979166666666667 0.005 0.0075
3 0.9353125 0.31 0.006875 0.01
3 0.698125 0.38666666666666666 0.0075 0.01
3 0.37625 0.4825 0.0075 0.01
3 0.3059375 0.46041666666666664 0.008125 0.010833333333333334
3 0.8703125 0.24375 0.005625 0.0075
3 0.776875 0.7675 0.01625 0.021666666666666667
3 0.558125 0.8620833333333333 0.015 0.020833333333333332
3 0.220625 0.08958333333333333 0.0125 0.019166666666666665
3 0.96125 0.016666666666666666 0.01375 0.016666666666666666
3 0.0934375 0.6354166666666666 0.015625 0.019166666666666665
3 0.10875 0.4195833333333333 0.0125 0.019166666666666665
3 0.72125 0.6758333333333333 0.01125 0.015
3 0.93375 0.6341666666666667 0.01 0.013333333333333334
3 0.5775 0.8266666666666667 0.0125 0.016666666666666666
3 0.940625 0.6841666666666667 0.01 0.013333333333333334
3 0.5871875 0.34208333333333335 0.013125 0.0175
3 0.115625 0.6683333333333333 0.0125 0.016666666666666666
3 0.168125 0.65375 0.01 0.014166666666666666
3 0.4165625 0.4375 0.013125 0.018333333333333333
3 0.5815625 0.6204166666666666 0.013125 0.0175
3 0.04125 0.56875 0.01625 0.020833333333333332
3 0.183125 0.71375 0.01625 0.020833333333333332
3 0.3275 0.11333333333333333 0.01625 0.021666666666666667
3 0.384375 0.2733333333333333 0.01625 0.021666666666666667
3 0.5528125 0.49333333333333335 0.015625 0.021666666666666667
3 0.8071875 0.9033333333333333 0.015625 0.021666666666666667
3 0.533125 0.395 0.01375 0.018333333333333333
3 0.1603125 0.7591666666666667 0.013125 0.018333333333333333
3 0.803125 0.8716666666666667 0.0125 0.016666666666666666
3 0.4775 0.9833333333333333 0.01125 0.015
3 0.83 0.035833333333333335 0.01125 0.015
3 0.2746875 0.49625 0.010625 0.014166666666666666
3 0.2478125 0.013333333333333334 0.010625 0.015
3 0.5375 0.8058333333333333 0.00875 0.01
3 0.4978125 0.6916666666666667 0.010625 0.013333333333333334
3 0.045 0.7354166666666667 0.01 0.014166666666666666
3 0.186875 0.25458333333333333 0.01 0.0125
3 0.6596875 0.9729166666666667 0.008125 0.0125
3 0.4640625 0.9620833333333333 0.008125 0.0125
3 0.3175 0.6004166666666667 0.01125 0.014166666666666666
3 0.9625 0.7395833333333334 0.01 0.014166666666666666
3 0.5325 0.7670833333333333 0.01 0.014166666666666666
3 0.0575 0.7491666666666666 0.01 0.013333333333333334
3 0.20125 0.8254166666666667 0.00875 0.0125
3 0.3203125 0.94375 0.011875 0.015833333333333335
3 0.9603125 0.35625 0.010625 0.014166666666666666
3 0.5809375 0.9479166666666666 0.009375 0.0125
3 0.4790625 0.5804166666666667 0.008125 0.010833333333333334
3 0.08875 0.6883333333333334 0.0075 0.01
3 0.3965625 0.5245833333333333 0.009375 0.0125
3 0.46375 0.7808333333333334 0.0075 0.01
3 0.171875 0.6608333333333334 0.01 0.013333333333333334
3 0.2884375 0.8554166666666667 0.009375 0.0125
3 0.893125 0.4925 0.01 0.013333333333333334
3 0.0065625 0.4008333333333333 0.009375 0.011666666666666667
3 0.685625 0.6108333333333333 0.01 0.013333333333333334
3 0.770625 0.37333333333333335 0.01 0.013333333333333334
3 0.1221875 0.08125 0.010625 0.014166666666666666
3 0.978125 0.04833333333333333 0.01125 0.015
3 0.7915625 0.28833333333333333 0.009375 0.011666666666666667
3 0.6921875 0.145 0.009375 0.013333333333333334
3 0.5890625 0.9125 0.008125 0.011666666666666667
3 0.819375 0.5308333333333334 0.01125 0.015
3 0.3240625 0.8820833333333333 0.010625 0.014166666666666666
3 0.9475 0.3416666666666667 0.01 0.013333333333333334
3 0.3525 0.5216666666666666 0.01 0.013333333333333334
3 0.1721875 0.17458333333333334 0.008125 0.010833333333333334
3 0.2384375 0.11125 0.009375 0.0125
3 0.25375 0.2375 0.00875 0.011666666666666667
3 0.61 0.7816666666666666 0.01 0.011666666666666667
3 0.059375 0.7558333333333334 0.01125 0.015
3 0.1234375 0.5175 0.009375 0.013333333333333334
3 0.8415625 0.215 0.010625 0.013333333333333334
3 0.9725 0.3433333333333333 0.00875 0.011666666666666667
3 0.42625 0.5683333333333334 0.01 0.013333333333333334
3 0.885625 0.8491666666666666 0.00875 0.011666666666666667
3 0.5759375 0.6004166666666667 0.010625 0.014166666666666666
3 0.6875 0.95 0.01 0.011666666666666667
3 0.21375 0.4320833333333333 0.01 0.014166666666666666
3 0.12625 0.8075 0.01125 0.015
3 0.5109375 0.68625 0.010625 0.014166666666666666
3 0.989375 0.7625 0.00875 0.011666666666666667
3 0.679375 0.1075 0.01 0.013333333333333334
3 0.645625 0.715 0.01 0.013333333333333334
3 0.5196875 0.38125 0.008125 0.010833333333333334
3 0.2034375 0.55875 0.011875 0.015833333333333335
3 0.8646875 0.17583333333333334 0.009375 0.011666666666666667
3 0.2525 0.5229166666666667 0.0075 0.010833333333333334
3 0.31375 0.9241666666666667 0.0075 0.01
3 0.775625 0.3204166666666667 0.0075 0.009166666666666667
3 0.02 0.78875 0.0075 0.010833333333333334
3 0.30625 0.7345833333333334 0.00625 0.0075
3 0.54125 0.5470833333333334 0.015 0.0175
3 0.20875 0.5333333333333333 0.015 0.018333333333333333
3 0.735625 0.7158333333333333 0.01375 0.02
3 0.9065625 0.91625 0.016875 0.0225
3 0.7059375 0.9183333333333333 0.016875 0.021666666666666667
3 0.925 0.24416666666666667 0.01125 0.018333333333333333
3 0.048125 0.17458333333333334 0.015 0.019166666666666665
3 0.396875 0.68125 0.01375 0.0175
3 0.8303125 0.4975 0.014375 0.02
3 0.6153125 0.02875 0.011875 0.015833333333333335
3 0.11375 0.6195833333333334 0.01 0.014166666666666666
3 0.40875 0.45666666666666667 0.01125 0.015
3 0.9803125 0.12 0.010625 0.013333333333333334
3 0.54 0.08916666666666667 0.0075 0.01
3 0.8446875 0.05875 0.010625 0.014166666666666666
3 0.49 0.6783333333333333 0.01 0.013333333333333334
3 0.315625 0.335 0.00875 0.011666666666666667
3 0.8715625 0.42041666666666666 0.010625 0.014166666666666666
3 0.8221875 0.09958333333333333 0.013125 0.014166666666666666
3 0.0565625 0.22041666666666668 0.015625 0.019166666666666665
3 0.0621875 0.7820833333333334 0.015625 0.019166666666666665
3 0.6359375 0.8095833333333333 0.014375 0.020833333333333332
3 0.7375 0.8416666666666667 0.01375 0.02
3 0.71 0.44666666666666666 0.0125 0.013333333333333334
3 0.1821875 0.6379166666666667 0.008125 0.010833333333333334
3 0.01375 0.0425 0.0075 0.01
3 0.5321875 0.17708333333333334 0.008125 0.010833333333333334
3 0.2559375 0.04041666666666666 0.009375 0.0125
3 0.1990625 0.5195833333333333 0.009375 0.0125
3 0.3340625 0.94 0.005625 0.01
3 0.0578125 0.12958333333333333 0.009375 0.0125
3 0.1215625 0.2875 0.009375 0.011666666666666667
3 0.6503125 0.9004166666666666 0.009375 0.010833333333333334
3 0.206875 0.31583333333333335 0.0075 0.013333333333333334
3 0.54125 0.605 0.01 0.015
3 0.0090625 0.32958333333333334 0.013125 0.0175
3 0.2096875 0.54 0.011875 0.015
3 0.590625 0.5058333333333334 0.01125 0.015
3 0.36375 0.5725 0.01375 0.018333333333333333
3 0.4128125 0.5733333333333334 0.011875 0.016666666666666666
3 0.968125 0.6966666666666667 0.01375 0.018333333333333333
3 0.1321875 0.9720833333333333 0.013125 0.0175
3 0.17625 0.8466666666666667 0.0125 0.016666666666666666
3 0.7446875 0.39125 0.013125 0.0175
3 0.3659375 0.6754166666666667 0.013125 0.0175
3 0.460625 0.4075 0.01 0.013333333333333334
3 0.1128125 0.51125 0.011875 0.015833333333333335
3 0.6128125 0.8245833333333333 0.010625 0.014166666666666666
3 0.5725 0.4558333333333333 0.00875 0.011666666666666667
3 0.614375 0.03833333333333333 0.00875 0.011666666666666667
3 0.5228125 0.18875 0.010625 0.014166666666666666
3 0.4478125 0.89625 0.010625 0.014166666666666666
3 0.9828125 0.6420833333333333 0.009375 0.0125
3 0.924375 0.9566666666666667 0.01 0.013333333333333334
3 0.8415625 0.52625 0.006875 0.009166666666666667
3 0.29375 0.5616666666666666 0.0075 0.01
3 0.9025 0.455 0.0075 0.01
3 0.4478125 0.017916666666666668 0.009375 0.0125
3 0.753125 0.575 0.0125 0.016666666666666666
3 0.2125 0.04958333333333333 0.01 0.014166666666666666
3 0.675 0.6658333333333334 0.0125 0.016666666666666666
3 0.643125 0.8991666666666667 0.01125 0.015
3 0.6659375 0.5345833333333333 0.009375 0.0125
3 0.2303125 0.91125 0.011875 0.015833333333333335
3 0.2834375 0.29625 0.009375 0.0125
3 0.60125 0.3925 0.01125 0.015
3 0.33625 0.5220833333333333 0.01 0.0125
3 0.880625 0.3279166666666667 0.00875 0.010833333333333334
3 0.69125 0.25625 0.01 0.014166666666666666
3 0.87125 0.82375 0.01 0.014166666666666666
3 0.129375 0.4504166666666667 0.00875 0.010833333333333334
3 0.986875 0.43375 0.00875 0.010833333333333334
3 0.1953125 0.8683333333333333 0.010625 0.013333333333333334
3 0.4828125 0.9116666666666666 0.008125 0.011666666666666667
3 0.665625 0.6495833333333333 0.0175 0.024166666666666666
3 0.934375 0.8791666666666667 0.0125 0.021666666666666667
3 0.21 0.6925 0.01625 0.015
3 0.536875 0.3308333333333333 0.01 0.013333333333333334
3 0.2571875 0.9795833333333334 0.009375 0.0125
3 0.2853125 0.18708333333333332 0.009375 0.0125
3 0.288125 0.645 0.01 0.013333333333333334
3 0.978125 0.75 0.01 0.013333333333333334
3 0.666875 0.7654166666666666 0.00625 0.009166666666666667
3 0.344375 0.27208333333333334 0.00875 0.010833333333333334
3 0.524375 0.6858333333333333 0.0075 0.01
3 0.840625 0.49916666666666665 0.01 0.013333333333333334
3 0.5115625 0.4195833333333333 0.010625 0.014166666666666666
3 0.1584375 0.6845833333333333 0.008125 0.010833333333333334
3 0.5165625 0.8870833333333333 0.009375 0.0125
3 0.5578125 0.9845833333333334 0.009375 0.0125
3 0.8840625 0.22541666666666665 0.008125 0.010833333333333334
3 0.5671875 0.5245833333333333 0.008125 0.010833333333333334
3 0.418125 0.92375 0.00875 0.0125
3 0.5403125 0.6445833333333333 0.009375 0.010833333333333334
3 0.560625 0.57625 0.00875 0.0125
3 0.3746875 0.7508333333333334 0.009375 0.011666666666666667
3 0.7821875 0.5920833333333333 0.011875 0.015833333333333335
3 0.750625 0.5783333333333334 0.01125 0.015
3 0.115625 0.08958333333333333 0.01125 0.014166666666666666
3 0.7503125 0.5779166666666666 0.006875 0.010833333333333334
3 0.4221875 0.7866666666666666 0.008125 0.01
3 0.489375 0.07583333333333334 0.00875 0.011666666666666667
3 0.975625 0.2425 0.00625 0.01
3 0.0559375 0.6433333333333333 0.008125 0.01
3 0.0934375 0.7104166666666667 0.008125 0.010833333333333334
3 0.65875 0.41 0.0075 0.01
3 0.3178125 0.7129166666666666 0.008125 0.010833333333333334
3 0.8090625 0.8679166666666667 0.008125 0.010833333333333334
3 0.8753125 0.5495833333333333 0.006875 0.009166666666666667
3 0.1359375 0.8195833333333333 0.005625 0.0075
3 0.119375 0.205 0.0075 0.01
3 0.1003125 0.2920833333333333 0.008125 0.010833333333333334
3 0.97 0.7279166666666667 0.0075 0.009166666666666667
3 0.3221875 0.7545833333333334 0.008125 0.010833333333333334
3 0.746875 0.86 0.01 0.013333333333333334
3 0.1246875 0.6166666666666667 0.008125 0.011666666666666667
3 0.546875 0.9445833333333333 0.0075 0.010833333333333334
3 0.07375 0.7466666666666667 0.01375 0.021666666666666667
3 0.688125 0.79125 0.01375 0.0125
3 0.345 0.63 0.0125 0.016666666666666666
3 0.955625 0.265 0.0125 0.016666666666666666
3 0.9465625 0.7241666666666666 0.010625 0.013333333333333334
3 0.6196875 0.965 0.009375 0.013333333333333334
3 0.1640625 0.8441666666666666 0.009375 0.013333333333333334
3 0.8584375 0.9191666666666667 0.010625 0.015
3 0.906875 0.8041666666666667 0.01 0.013333333333333334
3 0.041875 0.13083333333333333 0.0075 0.01
3 0.4821875 0.6045833333333334 0.010625 0.014166666666666666
3 0.42125 0.62 0.00875 0.011666666666666667
3 0.0521875 0.8820833333333333 0.010625 0.014166666666666666
3 0.9146875 0.7154166666666667 0.009375 0.0125
3 0.8715625 0.8504166666666667 0.013125 0.0175
3 0.866875 0.87 0.01125 0.015
3 0.7690625 0.46291666666666664 0.013125 0.0175
3 0.26625 0.26416666666666666 0.01125 0.015
3 0.186875 0.2683333333333333 0.01 0.013333333333333334
3 0.0375 0.4041666666666667 0.01 0.013333333333333334
3 0.6621875 0.07166666666666667 0.009375 0.011666666666666667
3 0.81125 0.9016666666666666 0.01 0.013333333333333334
3 0.32875 0.45666666666666667 0.01 0.013333333333333334
3 0.2409375 0.16333333333333333 0.009375 0.013333333333333334
3 0.6025 0.6929166666666666 0.00875 0.0125
3 0.5709375 0.8608333333333333 0.009375 0.013333333333333334
3 0.798125 0.5991666666666666 0.01 0.013333333333333334
3 0.815625 0.6941666666666667 0.01 0.013333333333333334
3 0.306875 0.6120833333333333 0.0075 0.009166666666666667
3 0.946875 0.9470833333333334 0.0075 0.010833333333333334
3 0.136875 0.46791666666666665 0.00875 0.010833333333333334
3 0.62375 0.8454166666666667 0.00625 0.009166666666666667
3 0.7215625 0.3825 0.009375 0.011666666666666667
3 0.1840625 0.9054166666666666 0.005625 0.0075
3 0.6328125 0.33791666666666664 0.008125 0.010833333333333334
3 0.02 0.6333333333333333 0.00625 0.008333333333333333
3 0.710625 0.19166666666666668 0.00875 0.011666666666666667
3 0.269375 0.5758333333333333 0.00875 0.01
3 0.3659375 0.8595833333333334 0.008125 0.009166666666666667
3 0.7078125 0.23291666666666666 0.006875 0.0075
3 0.4971875 0.8029166666666666 0.008125 0.009166666666666667
3 0.34125 0.63 0.00875 0.011666666666666667
3 0.3596875 0.77375 0.008125 0.010833333333333334
3 0.459375 0.23333333333333334 0.0075 0.01
3 0.2315625 0.45958333333333334 0.008125 0.010833333333333334
3 0.53125 0.44083333333333335 0.00875 0.011666666666666667
3 0.2790625 0.5995833333333334 0.009375 0.0125
3 0.8009375 0.7070833333333333 0.008125 0.010833333333333334
3 0.32125 0.10416666666666667 0.0075 0.01
3 0.8946875 0.8716666666666667 0.006875 0.01
3 0.8821875 0.4608333333333333 0.016875 0.021666666666666667
3 0.6646875 0.8329166666666666 0.015625 0.019166666666666665
3 0.5171875 0.05416666666666667 0.016875 0.021666666666666667
3 0.533125 0.74875 0.01375 0.019166666666666665
3 0.7428125 0.5454166666666667 0.015625 0.019166666666666665
3 0.0884375 0.7933333333333333 0.015625 0.02
3 0.301875 0.8795833333333334 0.0075 0.010833333333333334
3 0.616875 0.9925 0.00875 0.011666666666666667
3 0.138125 0.5125 0.00875 0.011666666666666667
3 0.015625 0.39875 0.00875 0.010833333333333334
3 0.3271875 0.44083333333333335 0.008125 0.011666666666666667
3 0.739375 0.37375 0.00875 0.010833333333333334
3 0.22125 0.15458333333333332 0.00875 0.0125
3 0.574375 0.76125 0.00875 0.010833333333333334
3 0.2028125 0.7354166666666667 0.009375 0.0125
3 0.745625 0.5625 0.01 0.013333333333333334
3 0.1015625 0.03208333333333333 0.009375 0.0125
3 0.6328125 0.47708333333333336 0.009375 0.0125
3 0.1553125 0.30125 0.009375 0.0125
3 0.8971875 0.5370833333333334 0.006875 0.009166666666666667
3 0.5815625 0.4795833333333333 0.009375 0.0125
3 0.8996875 0.9766666666666667 0.005625 0.01
3 0.0165625 0.11041666666666666 0.006875 0.010833333333333334
3 0.9015625 0.7458333333333333 0.004375 0.01
3 0.588125 0.051666666666666666 0.005 0.01
