3 0.7484375 0.61875 0.028125 0.0375
3 0.55875 0.6320833333333333 0.0275 0.034166666666666665
3 0.7671875 0.7970833333333334 0.028125 0.035833333333333335
3 0.79375 0.4041666666666667 0.02 0.03166666666666667
3 0.5978125 0.3754166666666667 0.028125 0.0375
3 0.45875 0.43625 0.015 0.020833333333333332
3 0.3796875 0.55 0.014375 0.018333333333333333
3 0.216875 0.9141666666666667 0.01625 0.021666666666666667
3 0.19875 0.7108333333333333 0.015 0.018333333333333333
3 0.585625 0.48583333333333334 0.01625 0.021666666666666667
3 0.401875 0.7975 0.01625 0.021666666666666667
3 0.7696875 0.8991666666666667 0.019375 0.02666666666666667
3 0.6503125 0.28541666666666665 0.015625 0.019166666666666665
3 0.8353125 0.6708333333333333 0.019375 0.025
3 0.1059375 0.43583333333333335 0.019375 0.02666666666666667
3 0.0459375 0.05458333333333333 0.016875 0.020833333333333332
3 0.265625 0.4025 0.02 0.025
3 0.4559375 0.6283333333333333 0.019375 0.023333333333333334
3 0.5478125 0.7779166666666667 0.014375 0.0225
3 0.395625 0.7179166666666666 0.02 0.0275
3 0.215625 0.6379166666666667 0.01625 0.024166666666666666
3 0.97625 0.8575 0.02125 0.02666666666666667
3 0.07 0.7708333333333334 0.0125 0.023333333333333334
3 0.085625 0.20416666666666666 0.02125 0.028333333333333332
3 0.89375 0.4691666666666667 0.01625 0.02666666666666667
3 0.1009375 0.22958333333333333 0.016875 0.0225
3 0.96375 0.06375 0.01625 0.0225
3 0.2584375 0.029583333333333333 0.011875 0.015833333333333335
3 0.4471875 0.012916666666666667 0.014375 0.019166666666666665
3 0.668125 0.6958333333333333 0.01125 0.015
3 0.56375 0.9825 0.015 0.02
3 0.5875 0.7933333333333333 0.01125 0.015
3 0.7059375 0.7979166666666667 0.014375 0.019166666666666665
3 0.4053125 0.85125 0.014375 0.019166666666666665
3 0.56875 0.42583333333333334 0.01875 0.025
3 0.490625 0.595 0.01625 0.021666666666666667
3 0.715625 0.39416666666666667 0.01625 0.021666666666666667
3 0.98125 0.485 0.015 0.02
3 0.0815625 0.11916666666666667 0.016875 0.023333333333333334
3 0.2346875 0.80375 0.016875 0.0225
3 0.2928125 0.13125 0.016875 0.0225
3 0.4075 0.6120833333333333 0.01375 0.019166666666666665
3 0.3165625 0.4475 0.015625 0.02
3 0.1521875 0.8304166666666667 0.019375 0.025833333333333333
3 0.5903125 0.3416666666666667 0.018125 0.023333333333333334
3 0.2475 0.7583333333333333 0.01875 0.025
3 0.1665625 0.23791666666666667 0.018125 0.024166666666666666
3 0.19875 0.98125 0.02 0.025833333333333333
3 0.8409375 0.41291666666666665 0.019375 0.025833333333333333
3 0.6015625 0.47375 0.014375 0.019166666666666665
3 0.644375 0.24083333333333334 0.01375 0.018333333333333333
3 0.148125 0.395 0.015 0.02
3 0.8878125 0.38708333333333333 0.011875 0.015833333333333335
3 0.4259375 0.10958333333333334 0.010625 0.014166666666666666
3 0.19 0.9295833333333333 0.01125 0.014166666666666666
3 0.174375 0.7145833333333333 0.01125 0.015833333333333335
3 0.1309375 0.33166666666666667 0.011875 0.016666666666666666
3 0.0690625 0.67875 0.013125 0.0175
3 0.17 0.6575 0.01375 0.018333333333333333
3 0.9446875 0.5175 0.011875 0.016666666666666666
3 0.8609375 0.675 0.011875 0.015
3 0.1853125 0.88375 0.013125 0.0175
3 0.0296875 0.9525 0.014375 0.021666666666666667
3 0.451875 0.5616666666666666 0.01875 0.023333333333333334
3 0.4215625 0.056666666666666664 0.016875 0.023333333333333334
3 0.5309375 0.029583333333333333 0.015625 0.0225
3 0.8209375 0.0375 0.013125 0.018333333333333333
3 0.68625 0.5008333333333334 0.01375 0.018333333333333333
3 0.320625 0.79 0.01125 0.013333333333333334
3 0.3965625 0.6720833333333334 0.011875 0.015833333333333335
3 0.561875 0.49083333333333334 0.01125 0.015
3 0.6078125 0.6870833333333334 0.009375 0.0125
3 0.1753125 0.27541666666666664 0.011875 0.015833333333333335
3 0.0959375 0.9870833333333333 0.011875 0.015833333333333335
3 0.39875 0.47833333333333333 0.00875 0.013333333333333334
3 0.3459375 0.17458333333333334 0.009375 0.014166666666666666
3 0.1453125 0.40458333333333335 0.009375 0.014166666666666666
3 0.1146875 0.30083333333333334 0.010625 0.015
3 0.8540625 0.21833333333333332 0.009375 0.01
3 0.850625 0.715 0.00875 0.011666666666666667
3 0.72 0.8308333333333333 0.01 0.013333333333333334
3 0.91375 0.4533333333333333 0.01 0.013333333333333334
3 0.48625 0.0125 0.01 0.013333333333333334
3 0.338125 0.4675 0.01 0.013333333333333334
3 0.7453125 0.15708333333333332 0.006875 0.009166666666666667
3 0.970625 0.41375 0.0075 0.009166666666666667
3 0.439375 0.8104166666666667 0.0075 0.010833333333333334
3 0.389375 0.8429166666666666 0.00625 0.0075
3 0.083125 0.31708333333333333 0.0075 0.010833333333333334
3 0.8071875 0.7091666666666666 0.006875 0.01
3 0.215625 0.17625 0.0075 0.009166666666666667
3 0.31875 0.30791666666666667 0.0075 0.009166666666666667
3 0.3815625 0.17791666666666667 0.008125 0.010833333333333334
3 0.3034375 0.09541666666666666 0.008125 0.010833333333333334
3 0.5409375 0.8841666666666667 0.006875 0.008333333333333333
3 0.4478125 0.8258333333333333 0.006875 0.008333333333333333
3 0.3534375 0.38458333333333333 0.008125 0.010833333333333334
3 0.784375 0.4454166666666667 0.00625 0.009166666666666667
3 0.7228125 0.235 0.006875 0.01
3 0.371875 0.11375 0.00625 0.009166666666666667
3 0.4821875 0.16375 0.006875 0.009166666666666667
3 0.5434375 0.4795833333333333 0.005625 0.009166666666666667
3 0.5396875 0.36375 0.006875 0.009166666666666667
3 0.0359375 0.6195833333333334 0.006875 0.009166666666666667
3 0.279375 0.56375 0.0075 0.009166666666666667
3 0.5415625 0.5795833333333333 0.008125 0.010833333333333334
3 0.393125 0.7641666666666667 0.00625 0.008333333333333333
3 0.5921875 0.73375 0.005625 0.0075
3 0.853125 0.11666666666666667 0.0075 0.01
3 0.3825 0.20625 0.015 0.020833333333333332
3 0.645 0.35875 0.015 0.020833333333333332
3 0.03375 0.9366666666666666 0.01625 0.021666666666666667
3 0.86125 0.84875 0.01625 0.020833333333333332
3 0.6171875 0.6795833333333333 0.013125 0.019166666666666665
3 0.8978125 0.245 0.013125 0.015
3 0.3703125 0.85375 0.013125 0.0175
3 0.8084375 0.6720833333333334 0.010625 0.014166666666666666
3 0.284375 0.88125 0.01125 0.014166666666666666
3 0.0159375 0.73 0.011875 0.015
3 0.8425 0.1975 0.01375 0.018333333333333333
3 0.660625 0.023333333333333334 0.01375 0.018333333333333333
3 0.3459375 0.3825 0.010625 0.013333333333333334
3 0.3459375 0.3779166666666667 0.013125 0.0175
3 0.441875 0.11916666666666667 0.015 0.016666666666666666
3 0.3015625 0.07041666666666667 0.014375 0.015833333333333335
3 0.29 0.3525 0.0125 0.02
3 0.7534375 0.25833333333333336 0.015625 0.018333333333333333
3 0.2884375 0.6625 0.010625 0.018333333333333333
3 0.993125 0.28291666666666665 0.0125 0.0175
3 0.980625 0.8158333333333333 0.01125 0.013333333333333334
3 0.74375 0.8733333333333333 0.01125 0.015
3 0.784375 0.055 0.0125 0.016666666666666666
3 0.6740625 0.5704166666666667 0.011875 0.015833333333333335
3 0.753125 0.5991666666666666 0.0125 0.016666666666666666
3 0.9909375 0.8745833333333334 0.009375 0.0125
3 0.07625 0.07 0.0125 0.016666666666666666
3 0.1003125 0.8954166666666666 0.008125 0.0125
3 0.0765625 0.2675 0.010625 0.013333333333333334
3 0.21375 0.3154166666666667 0.01125 0.014166666666666666
3 0.923125 0.38875 0.01 0.0125
3 0.2028125 0.39 0.009375 0.013333333333333334
3 0.33125 0.38666666666666666 0.01 0.011666666666666667
3 0.11 0.44666666666666666 0.01125 0.015
3 0.7334375 0.34 0.009375 0.011666666666666667
3 0.9721875 0.125 0.009375 0.011666666666666667
3 0.9578125 0.95875 0.011875 0.015833333333333335
3 0.8509375 0.4454166666666667 0.011875 0.015833333333333335
3 0.833125 0.0375 0.01125 0.015
3 0.346875 0.2704166666666667 0.00875 0.0125
3 0.3190625 0.7720833333333333 0.009375 0.0125
3 0.794375 0.9758333333333333 0.00875 0.011666666666666667
3 0.73375 0.5241666666666667 0.00875 0.011666666666666667
3 0.7725 0.16833333333333333 0.00875 0.011666666666666667
3 0.4759375 0.5179166666666667 0.009375 0.0125
3 0.9115625 0.7816666666666666 0.006875 0.01
3 0.54125 0.6570833333333334 0.01 0.0125
3 0.7465625 0.52875 0.009375 0.0125
3 0.28625 0.8925 0.01125 0.015
3 0.38 0.4379166666666667 0.00875 0.010833333333333334
3 0.6559375 0.12791666666666668 0.009375 0.0125
3 0.1115625 0.8220833333333334 0.010625 0.014166666666666666
3 0.4790625 0.3854166666666667 0.008125 0.010833333333333334
3 0.64875 0.17708333333333334 0.01 0.0125
3 0.0575 0.8395833333333333 0.01 0.014166666666666666
3 0.76625 0.10541666666666667 0.01 0.0125
3 0.449375 0.08166666666666667 0.01125 0.015
3 0.97125 0.23916666666666667 0.01125 0.015
3 0.6840625 0.31083333333333335 0.010625 0.015
3 0.945 0.35333333333333333 0.01 0.013333333333333334
3 0.13375 0.8425 0.0075 0.01
3 0.2534375 0.037083333333333336 0.009375 0.0125
3 0.3403125 0.12125 0.010625 0.014166666666666666
3 0.0815625 0.5233333333333333 0.010625 0.015
3 0.7278125 0.30416666666666664 0.010625 0.015
3 0.691875 0.50375 0.01 0.0125
3 0.750625 0.027083333333333334 0.01125 0.014166666666666666
3 0.6621875 0.38416666666666666 0.010625 0.015
3 0.7471875 0.87 0.009375 0.013333333333333334
3 0.50125 0.9041666666666667 0.00875 0.011666666666666667
3 0.843125 0.1375 0.01 0.013333333333333334
3 0.521875 0.535 0.0075 0.01
3 0.8046875 0.17958333333333334 0.010625 0.014166666666666666
3 0.4509375 0.9404166666666667 0.008125 0.010833333333333334
3 0.4553125 0.7745833333333333 0.010625 0.014166666666666666
3 0.4740625 0.3129166666666667 0.011875 0.015833333333333335
3 0.483125 0.5166666666666667 0.0125 0.016666666666666666
3 0.069375 0.31958333333333333 0.01 0.0125
3 0.37875 0.17458333333333334 0.01125 0.014166666666666666
3 0.9653125 0.9516666666666667 0.008125 0.01
3 0.9565625 0.07875 0.008125 0.010833333333333334
3 0.374375 0.7425 0.0075 0.01
3 0.6428125 0.4066666666666667 0.014375 0.02
3 0.0146875 0.7291666666666666 0.014375 0.02
3 0.5825 0.07333333333333333 0.0125 0.02
3 0.5509375 0.64375 0.015625 0.019166666666666665
3 0.675625 0.8433333333333334 0.01375 0.015
3 0.323125 0.21 0.01375 0.02
3 0.898125 0.7554166666666666 0.01375 0.020833333333333332
3 0.560625 0.7170833333333333 0.015 0.0175
3 0.0540625 0.19125 0.015625 0.0225
3 0.764375 0.9 0.01625 0.021666666666666667
3 0.3553125 0.5816666666666667 0.015625 0.021666666666666667
3 0.6771875 0.22875 0.015625 0.020833333333333332
3 0.744375 0.33375 0.015 0.019166666666666665
3 0.4190625 0.34833333333333333 0.014375 0.02
3 0.44125 0.70125 0.01 0.014166666666666666
3 0.1746875 0.115 0.010625 0.015
3 0.5296875 0.5120833333333333 0.010625 0.014166666666666666
3 0.8434375 0.8845833333333334 0.010625 0.014166666666666666
3 0.1321875 0.9145833333333333 0.009375 0.0125
3 0.379375 0.37166666666666665 0.01 0.013333333333333334
3 0.9365625 0.05458333333333333 0.010625 0.014166666666666666
3 0.7953125 0.4245833333333333 0.010625 0.014166666666666666
3 0.810625 0.9045833333333333 0.01375 0.015833333333333335
3 0.956875 0.3304166666666667 0.015 0.0175
3 0.286875 0.4608333333333333 0.01375 0.02
3 0.45625 0.6766666666666666 0.0125 0.013333333333333334
3 0.4653125 0.5533333333333333 0.015625 0.02
3 0.753125 0.7504166666666666 0.0125 0.019166666666666665
3 0.9759375 0.7354166666666667 0.008125 0.010833333333333334
3 0.0646875 0.85875 0.009375 0.0125
3 0.4084375 0.35125 0.008125 0.0125
3 0.5428125 0.8929166666666667 0.009375 0.0125
3 0.603125 0.61375 0.00875 0.0125
3 0.8184375 0.32708333333333334 0.009375 0.0125
3 0.9159375 0.035416666666666666 0.008125 0.009166666666666667
3 0.276875 0.49416666666666664 0.00875 0.01
3 0.674375 0.7904166666666667 0.01125 0.015833333333333335
3 0.4453125 0.4170833333333333 0.010625 0.010833333333333334
3 0.8228125 0.4945833333333333 0.010625 0.0125
3 0.506875 0.665 0.01125 0.013333333333333334
3 0.3021875 0.33166666666666667 0.009375 0.013333333333333334
3 0.7875 0.90125 0.0125 0.015833333333333335
3 0.294375 0.235 0.0125 0.016666666666666666
3 0.1703125 0.6729166666666667 0.009375 0.0125
3 0.2778125 0.16125 0.013125 0.0175
3 0.026875 0.5416666666666666 0.0125 0.016666666666666666
3 0.025 0.4666666666666667 0.01125 0.015
3 0.360625 0.5325 0.01125 0.015
3 0.09875 0.18166666666666667 0.01 0.013333333333333334
3 0.7134375 0.38875 0.010625 0.014166666666666666
3 0.6828125 0.64375 0.010625 0.014166666666666666
3 0.5903125 0.09291666666666666 0.010625 0.014166666666666666
3 0.01875 0.0575 0.00875 0.011666666666666667
3 0.1134375 0.4608333333333333 0.009375 0.011666666666666667
3 0.9234375 0.23041666666666666 0.008125 0.010833333333333334
3 0.02 0.185 0.0075 0.01
3 0.0084375 0.2675 0.005625 0.008333333333333333
3 0.0746875 0.25333333333333335 0.006875 0.01
3 0.61875 0.2866666666666667 0.00625 0.008333333333333333
3 0.3459375 0.5466666666666666 0.011875 0.016666666666666666
3 0.6603125 0.34208333333333335 0.011875 0.015833333333333335
3 0.108125 0.35125 0.01125 0.014166666666666666
3 0.5278125 0.6516666666666666 0.010625 0.015
3 0.631875 0.9558333333333333 0.0125 0.016666666666666666
3 0.4946875 0.35791666666666666 0.009375 0.0125
3 0.6740625 0.05458333333333333 0.011875 0.015833333333333335
3 0.786875 0.21166666666666667 0.01125 0.015
3 0.9509375 0.8675 0.008125 0.01
3 0.9759375 0.06166666666666667 0.010625 0.013333333333333334
3 0.8775 0.9495833333333333 0.01 0.014166666666666666
3 0.2625 0.12 0.00875 0.01
3 0.91625 0.2995833333333333 0.01 0.014166666666666666
3 0.5321875 0.4795833333333333 0.008125 0.0125
3 0.2071875 0.40708333333333335 0.008125 0.0125
3 0.695625 0.5529166666666666 0.01625 0.024166666666666666
3 0.7209375 0.20166666666666666 0.016875 0.016666666666666666
3 0.9396875 0.15333333333333332 0.018125 0.021666666666666667
3 0.9425 0.8695833333333334 0.01375 0.0225
3 0.6359375 0.8595833333333334 0.010625 0.014166666666666666
3 0.8996875 0.13458333333333333 0.010625 0.014166666666666666
3 0.7671875 0.9145833333333333 0.008125 0.010833333333333334
3 0.3271875 0.10208333333333333 0.008125 0.010833333333333334
3 0.335 0.9833333333333333 0.00875 0.011666666666666667
3 0.3675 0.5241666666666667 0.00875 0.011666666666666667
3 0.843125 0.9225 0.00875 0.011666666666666667
3 0.9171875 0.9929166666666667 0.009375 0.0125
3 0.795 0.8108333333333333 0.0075 0.01
3 0.3325 0.035 0.00875 0.011666666666666667
3 0.4321875 0.59625 0.006875 0.009166666666666667
3 0.4125 0.05 0.0075 0.01
3 0.0534375 0.6204166666666666 0.009375 0.0125
3 0.37125 0.8620833333333333 0.01 0.0125
3 0.0615625 0.6904166666666667 0.009375 0.0125
3 0.5240625 0.08833333333333333 0.009375 0.013333333333333334
3 0.5909375 0.4875 0.011875 0.015
3 0.2190625 0.43416666666666665 0.010625 0.013333333333333334
3 0.0078125 0.40041666666666664 0.009375 0.0125
3 0.75125 0.7154166666666667 0.00875 0.0125
3 0.6040625 0.2725 0.008125 0.011666666666666667
3 0.84625 0.21875 0.00875 0.010833333333333334
3 0.66875 0.9825 0.00625 0.008333333333333333
3 0.75875 0.15416666666666667 0.0075 0.01
3 0.9175 0.29 0.0075 0.01
3 0.238125 0.825 0.0075 0.01
3 0.90125 0.7754166666666666 0.0075 0.010833333333333334
3 0.6725 0.12875 0.00625 0.0075
3 0.5565625 0.5979166666666667 0.008125 0.010833333333333334
3 0.519375 0.20333333333333334 0.01 0.013333333333333334
3 0.259375 0.5420833333333334 0.0075 0.010833333333333334
3 0.4340625 0.056666666666666664 0.009375 0.013333333333333334
3 0.059375 0.85625 0.0125 0.020833333333333332
3 0.071875 0.8533333333333334 0.01375 0.011666666666666667
3 0.5134375 0.7004166666666667 0.015625 0.015833333333333335
3 0.4746875 0.06583333333333333 0.015625 0.021666666666666667
3 0.0371875 0.37916666666666665 0.014375 0.021666666666666667
3 0.5728125 0.4558333333333333 0.009375 0.011666666666666667
3 0.0340625 0.9270833333333334 0.011875 0.015833333333333335
3 0.65625 0.05583333333333333 0.0125 0.016666666666666666
3 0.5628125 0.17958333333333334 0.009375 0.0125
3 0.518125 0.175 0.01 0.013333333333333334
3 0.025625 0.9825 0.00875 0.011666666666666667
3 0.5275 0.9291666666666667 0.00875 0.011666666666666667
3 0.5459375 0.89625 0.010625 0.014166666666666666
3 0.3665625 0.31625 0.009375 0.0125
3 0.4540625 0.2554166666666667 0.013125 0.0175
3 0.8709375 0.9854166666666667 0.013125 0.0175
3 0.8946875 0.15791666666666668 0.011875 0.015833333333333335
3 0.3103125 0.8254166666666667 0.011875 0.015833333333333335
3 0.03375 0.7683333333333333 0.01 0.013333333333333334
3 0.9525 0.0875 0.01 0.013333333333333334
3 0.7146875 0.6466666666666666 0.009375 0.013333333333333334
3 0.405625 0.32958333333333334 0.01 0.0125
3 0.9625 0.55875 0.00875 0.0125
3 0.915625 0.14583333333333334 0.01 0.013333333333333334
3 0.811875 0.7754166666666666 0.0075 0.010833333333333334
3 0.013125 0.08833333333333333 0.00875 0.011666666666666667
3 0.1921875 0.18916666666666668 0.008125 0.011666666666666667
3 0.01125 0.5020833333333333 0.01 0.0125
3 0.2 0.3675 0.01 0.013333333333333334
3 0.625 0.6516666666666666 0.01 0.013333333333333334
3 0.9928125 0.0175 0.006875 0.01
3 0.4484375 0.83625 0.009375 0.0125
3 0.5603125 0.8904166666666666 0.009375 0.0125
3 0.258125 0.60875 0.0075 0.010833333333333334
3 0.858125 0.9820833333333333 0.00875 0.010833333333333334
3 0.75375 0.245 0.0075 0.01
3 0.9478125 0.7270833333333333 0.008125 0.010833333333333334
3 0.593125 0.4683333333333333 0.0075 0.01
3 0.895625 0.10416666666666667 0.00625 0.008333333333333333
3 0.905625 0.9320833333333334 0.00875 0.010833333333333334
3 0.545 0.02 0.00875 0.011666666666666667
3 0.449375 0.7266666666666667 0.00625 0.01
3 0.573125 0.8325 0.00875 0.011666666666666667
3 0.7953125 0.5579166666666666 0.009375 0.0125
3 0.109375 0.24833333333333332 0.0075 0.01
3 0.71875 0.30583333333333335 0.00875 0.011666666666666667
3 0.145625 0.12875 0.0075 0.010833333333333334
3 0.7853125 0.08583333333333333 0.006875 0.008333333333333333
3 0.6003125 0.06291666666666666 0.008125 0.010833333333333334
3 0.3403125 0.059583333333333335 0.008125 0.010833333333333334
3 0.045 0.20375 0.0075 0.009166666666666667
3 0.5309375 0.7145833333333333 0.013125 0.019166666666666665
3 0.6896875 0.5279166666666667 0.016875 0.0225
3 0.43125 0.46458333333333335 0.01375 0.0175
3 0.88875 0.020416666666666666 0.01625 0.0225
3 0.3309375 0.025833333333333333 0.015625 0.02
3 0.9453125 0.88 0.008125 0.011666666666666667
3 0.9096875 0.8083333333333333 0.006875 0.01
3 0.339375 0.2866666666666667 0.00875 0.011666666666666667
3 0.9725 0.32125 0.00875 0.0125
3 0.95125 0.9708333333333333 0.00875 0.011666666666666667
3 0.9428125 0.45416666666666666 0.008125 0.01
3 0.87 0.31833333333333336 0.00875 0.011666666666666667
3 0.31 0.17416666666666666 0.01 0.013333333333333334
3 0.1159375 0.2704166666666667 0.009375 0.0125
3 0.8071875 0.3179166666666667 0.009375 0.0125
3 0.2821875 0.005416666666666667 0.008125 0.010833333333333334
3 0.0325 0.865 0.01 0.013333333333333334
3 0.3534375 0.35041666666666665 0.009375 0.0125
3 0.9171875 0.03958333333333333 0.009375 0.0125
3 0.2946875 0.37875 0.006875 0.009166666666666667
3 0.361875 0.1375 0.00875 0.011666666666666667
3 0.6121875 0.44958333333333333 0.008125 0.010833333333333334
3 0.28125 0.20708333333333334 0.00375 0.009166666666666667
3 0.1165625 0.65125 0.008125 0.009166666666666667
3 0.7378125 0.48333333333333334 0.008125 0.008333333333333333
3 0.8728125 0.5516666666666666 0.006875 0.005
3 0.315 0.72125 0.0075 0.0075
