3 0.0528125 0.9366666666666666 0.026875 0.03333333333333333
3 0.2965625 0.6391666666666667 0.021875 0.03333333333333333
3 0.3003125 0.69875 0.023125 0.034166666666666665
3 0.1965625 0.9308333333333333 0.016875 0.021666666666666667
3 0.5028125 0.6841666666666667 0.016875 0.021666666666666667
3 0.9796875 0.1975 0.015625 0.02
3 0.14125 0.4141666666666667 0.01375 0.02
3 0.215 0.1925 0.01625 0.021666666666666667
3 0.1878125 0.12916666666666668 0.015625 0.021666666666666667
3 0.9896875 0.45125 0.015625 0.0225
3 0.8953125 0.8870833333333333 0.015625 0.0225
3 0.8846875 0.4395833333333333 0.020625 0.0275
3 0.5203125 0.3475 0.015625 0.023333333333333334
3 0.6871875 0.17833333333333334 0.020625 0.02666666666666667
3 0.0190625 0.37625 0.014375 0.0225
3 0.77125 0.8295833333333333 0.02 0.020833333333333332
3 0.114375 0.275 0.02 0.021666666666666667
3 0.794375 0.9508333333333333 0.01875 0.028333333333333332
3 0.3984375 0.7475 0.020625 0.023333333333333334
3 0.3134375 0.5575 0.018125 0.018333333333333333
3 0.894375 0.9429166666666666 0.01125 0.0175
3 0.2034375 0.975 0.016875 0.023333333333333334
3 0.2540625 0.565 0.013125 0.015
3 0.6359375 0.9491666666666667 0.016875 0.023333333333333334
3 0.3746875 0.7745833333333333 0.015625 0.0225
3 0.11125 0.255 0.015 0.02
3 0.8540625 0.81625 0.014375 0.019166666666666665
3 0.11125 0.3408333333333333 0.015 0.02
3 0.97125 0.0475 0.015 0.02
3 0.45875 0.36 0.015 0.02
3 0.4921875 0.3120833333333333 0.014375 0.019166666666666665
3 0.296875 0.8483333333333334 0.01875 0.025
3 0.8609375 0.4454166666666667 0.015625 0.020833333333333332
3 0.205625 0.94375 0.01625 0.020833333333333332
3 0.2459375 0.4325 0.015625 0.02
3 0.5325 0.04416666666666667 0.02 0.02666666666666667
3 0.51875 0.49541666666666667 0.0175 0.024166666666666666
3 0.9753125 0.0175 0.019375 0.02666666666666667
3 0.353125 0.3175 0.01375 0.018333333333333333
3 0.610625 0.20833333333333334 0.015 0.02
3 0.7053125 0.14208333333333334 0.013125 0.0175
3 0.7053125 0.4175 0.011875 0.015
3 0.7565625 0.30041666666666667 0.010625 0.014166666666666666
3 0.845625 0.335 0.01375 0.018333333333333333
3 0.7521875 0.8345833333333333 0.013125 0.0175
3 0.2753125 0.5129166666666667 0.013125 0.0175
3 0.9090625 0.6158333333333333 0.014375 0.021666666666666667
3 0.8334375 0.022916666666666665 0.016875 0.020833333333333332
3 0.3775 0.6133333333333333 0.02 0.02666666666666667
3 0.509375 0.29583333333333334 0.01875 0.023333333333333334
3 0.1090625 0.1275 0.016875 0.023333333333333334
3 0.635 0.9445833333333333 0.015 0.0175
3 0.121875 0.22375 0.0175 0.0225
3 0.298125 0.4558333333333333 0.0175 0.023333333333333334
3 0.8665625 0.33958333333333335 0.016875 0.0225
3 0.2871875 0.8475 0.016875 0.021666666666666667
3 0.571875 0.84125 0.01375 0.0175
3 0.225 0.4666666666666667 0.01125 0.013333333333333334
3 0.7284375 0.7816666666666666 0.011875 0.016666666666666666
3 0.0659375 0.37833333333333335 0.011875 0.016666666666666666
3 0.8546875 0.030416666666666668 0.009375 0.0125
3 0.44375 0.31666666666666665 0.0125 0.016666666666666666
3 0.8771875 0.8354166666666667 0.009375 0.0125
3 0.4309375 0.7691666666666667 0.010625 0.015
3 0.56375 0.8433333333333334 0.01125 0.015
3 0.368125 0.8658333333333333 0.01 0.013333333333333334
3 0.886875 0.1525 0.01 0.013333333333333334
3 0.4475 0.5254166666666666 0.01 0.0125
3 0.448125 0.6404166666666666 0.0075 0.010833333333333334
3 0.506875 0.4891666666666667 0.01 0.013333333333333334
3 0.58 0.30791666666666667 0.01 0.0125
3 0.9275 0.3566666666666667 0.0075 0.01
3 0.6203125 0.9441666666666667 0.005625 0.008333333333333333
3 0.2053125 0.7666666666666667 0.005625 0.006666666666666667
3 0.10625 0.35791666666666666 0.00625 0.0075
3 0.35875 0.415 0.0075 0.01
3 0.7065625 0.13166666666666665 0.006875 0.01
3 0.1684375 0.8566666666666667 0.008125 0.01
3 0.120625 0.515 0.0075 0.01
3 0.0078125 0.78125 0.008125 0.010833333333333334
3 0.74875 0.83875 0.0075 0.009166666666666667
3 0.223125 0.8270833333333333 0.0075 0.010833333333333334
3 0.8765625 0.45416666666666666 0.008125 0.01
3 0.1471875 0.52375 0.008125 0.010833333333333334
3 0.7775 0.2970833333333333 0.0075 0.009166666666666667
3 0.236875 0.8033333333333333 0.0075 0.01
3 0.619375 0.6341666666666667 0.0075 0.01
3 0.551875 0.7020833333333333 0.0075 0.009166666666666667
3 0.295625 0.96125 0.0075 0.009166666666666667
3 0.1753125 0.65875 0.006875 0.009166666666666667
3 0.0290625 0.42833333333333334 0.006875 0.008333333333333333
3 0.976875 0.2725 0.005 0.008333333333333333
3 0.2971875 0.3825 0.006875 0.008333333333333333
3 0.90875 0.5920833333333333 0.00625 0.0075
3 0.191875 0.8741666666666666 0.0075 0.01
3 0.595625 0.23166666666666666 0.0075 0.01
3 0.1178125 0.7925 0.005625 0.008333333333333333
3 0.578125 0.8283333333333334 0.00625 0.008333333333333333
3 0.355 0.29083333333333333 0.0075 0.01
3 0.7040625 0.9108333333333334 0.015625 0.021666666666666667
3 0.445625 0.0625 0.01625 0.021666666666666667
3 0.7721875 0.5120833333333333 0.015625 0.019166666666666665
3 0.629375 0.6841666666666667 0.01625 0.02
3 0.8284375 0.76625 0.013125 0.019166666666666665
3 0.9015625 0.9404166666666667 0.013125 0.0175
3 0.3128125 0.9320833333333334 0.013125 0.0175
3 0.950625 0.71 0.01 0.013333333333333334
3 0.224375 0.9733333333333334 0.0125 0.016666666666666666
3 0.2465625 0.98125 0.009375 0.0125
3 0.64625 0.6316666666666667 0.01 0.013333333333333334
3 0.438125 0.53375 0.01375 0.0175
3 0.781875 0.9241666666666667 0.01375 0.018333333333333333
3 0.65 0.57375 0.0125 0.0175
3 0.574375 0.67875 0.01625 0.020833333333333332
3 0.26125 0.42333333333333334 0.015 0.016666666666666666
3 0.363125 0.5216666666666666 0.015 0.016666666666666666
3 0.1571875 0.7558333333333334 0.015625 0.021666666666666667
3 0.61 0.9754166666666667 0.01625 0.020833333333333332
3 0.3421875 0.9775 0.015625 0.021666666666666667
3 0.2275 0.36875 0.01375 0.019166666666666665
3 0.061875 0.11458333333333333 0.01125 0.015833333333333335
3 0.9671875 0.5970833333333333 0.009375 0.014166666666666666
3 0.540625 0.39458333333333334 0.0125 0.015833333333333335
3 0.808125 0.08458333333333333 0.01375 0.019166666666666665
3 0.7678125 0.34041666666666665 0.011875 0.015833333333333335
3 0.52375 0.5175 0.0125 0.016666666666666666
3 0.8803125 0.8670833333333333 0.011875 0.015833333333333335
3 0.6175 0.825 0.01125 0.015
3 0.7228125 0.41125 0.011875 0.015833333333333335
3 0.238125 0.25083333333333335 0.01125 0.015
3 0.808125 0.37666666666666665 0.01125 0.015
3 0.3821875 0.5091666666666667 0.010625 0.015
3 0.544375 0.09916666666666667 0.01125 0.015
3 0.2984375 0.25375 0.008125 0.0125
3 0.7753125 0.9325 0.009375 0.013333333333333334
3 0.680625 0.7966666666666666 0.01125 0.015
3 0.8440625 0.19875 0.011875 0.015833333333333335
3 0.0315625 0.77125 0.011875 0.015833333333333335
3 0.060625 0.17291666666666666 0.00875 0.0125
3 0.0790625 0.4870833333333333 0.006875 0.009166666666666667
3 0.7453125 0.50375 0.009375 0.0125
3 0.2534375 0.6470833333333333 0.008125 0.010833333333333334
3 0.7884375 0.5820833333333333 0.009375 0.0125
3 0.1875 0.35 0.01 0.013333333333333334
3 0.9028125 0.6966666666666667 0.008125 0.01
3 0.4775 0.058333333333333334 0.01125 0.015
3 0.395625 0.5483333333333333 0.01125 0.015
3 0.45875 0.11583333333333333 0.01125 0.015
3 0.5496875 0.7904166666666667 0.010625 0.014166666666666666
3 0.1909375 0.32208333333333333 0.010625 0.014166666666666666
3 0.6396875 0.45458333333333334 0.008125 0.010833333333333334
3 0.34875 0.3575 0.01 0.013333333333333334
3 0.18375 0.94 0.00875 0.011666666666666667
3 0.976875 0.9483333333333334 0.01 0.011666666666666667
3 0.0753125 0.9154166666666667 0.009375 0.010833333333333334
3 0.8175 0.4008333333333333 0.01125 0.015
3 0.01125 0.03166666666666667 0.00875 0.011666666666666667
3 0.803125 0.92 0.01 0.013333333333333334
3 0.148125 0.7033333333333334 0.0075 0.01
3 0.1075 0.5058333333333334 0.01 0.013333333333333334
3 0.0875 0.9841666666666666 0.01 0.013333333333333334
3 0.854375 0.6183333333333333 0.01125 0.015
3 0.21625 0.4845833333333333 0.01 0.0125
3 0.17 0.39708333333333334 0.01 0.0125
3 0.97875 0.8291666666666667 0.01125 0.015
3 0.92625 0.54375 0.01 0.0125
3 0.87875 0.8775 0.01 0.013333333333333334
3 0.8165625 0.9570833333333333 0.009375 0.0125
3 0.9059375 0.91375 0.010625 0.014166666666666666
3 0.765 0.12666666666666668 0.01125 0.015
3 0.9521875 0.0325 0.011875 0.016666666666666666
3 0.55 0.84375 0.0125 0.015833333333333335
3 0.7790625 0.3441666666666667 0.005625 0.008333333333333333
3 0.8621875 0.275 0.008125 0.01
3 0.924375 0.30541666666666667 0.015 0.019166666666666665
3 0.2034375 0.8041666666666667 0.010625 0.018333333333333333
3 0.11875 0.675 0.00875 0.016666666666666666
3 0.515625 0.39375 0.01375 0.014166666666666666
3 0.3709375 0.07791666666666666 0.016875 0.0225
3 0.8471875 0.08458333333333333 0.016875 0.0225
3 0.439375 0.30541666666666667 0.01375 0.019166666666666665
3 0.4959375 0.5083333333333333 0.013125 0.016666666666666666
3 0.9246875 0.46166666666666667 0.011875 0.015
3 0.8703125 0.7975 0.015625 0.021666666666666667
3 0.3915625 0.4275 0.011875 0.016666666666666666
3 0.7040625 0.07875 0.015625 0.020833333333333332
3 0.285625 0.12625 0.00875 0.0125
3 0.416875 0.23291666666666666 0.01 0.014166666666666666
3 0.245 0.21208333333333335 0.00875 0.0125
3 0.035 0.2825 0.01125 0.015
3 0.9459375 0.135 0.010625 0.015
3 0.735 0.7783333333333333 0.00875 0.011666666666666667
3 0.601875 0.8166666666666667 0.0075 0.01
3 0.2746875 0.8754166666666666 0.008125 0.010833333333333334
3 0.4671875 0.9754166666666667 0.010625 0.014166666666666666
3 0.950625 0.5658333333333333 0.01 0.013333333333333334
3 0.9753125 0.31958333333333333 0.010625 0.014166666666666666
3 0.4628125 0.6891666666666667 0.013125 0.02
3 0.885 0.98625 0.01625 0.020833333333333332
3 0.6 0.51875 0.015 0.020833333333333332
3 0.634375 0.42083333333333334 0.0125 0.013333333333333334
3 0.345625 0.56 0.00875 0.011666666666666667
3 0.8515625 0.6720833333333334 0.009375 0.0125
3 0.586875 0.80875 0.00875 0.010833333333333334
3 0.995 0.2825 0.00875 0.01
3 0.6815625 0.66625 0.009375 0.0125
3 0.7346875 0.7079166666666666 0.008125 0.009166666666666667
3 0.678125 0.7229166666666667 0.00625 0.010833333333333334
3 0.47 0.70375 0.01125 0.015833333333333335
3 0.5134375 0.6616666666666666 0.009375 0.015
3 0.3509375 0.7383333333333333 0.011875 0.015
3 0.9921875 0.94 0.010625 0.013333333333333334
3 0.84125 0.7091666666666666 0.01375 0.018333333333333333
3 0.5946875 0.24416666666666667 0.010625 0.013333333333333334
3 0.866875 0.46416666666666667 0.0125 0.016666666666666666
3 0.6475 0.050833333333333335 0.01 0.013333333333333334
3 0.96625 0.3225 0.00875 0.011666666666666667
3 0.1340625 0.06708333333333333 0.009375 0.0125
3 0.9509375 0.22166666666666668 0.008125 0.011666666666666667
3 0.3875 0.25416666666666665 0.01 0.013333333333333334
3 0.8728125 0.3829166666666667 0.006875 0.009166666666666667
3 0.3796875 0.8933333333333333 0.006875 0.008333333333333333
3 0.755 0.8491666666666666 0.0075 0.01
3 0.755625 0.28708333333333336 0.00625 0.0075
3 0.876875 0.014166666666666666 0.0075 0.01
3 0.36875 0.24208333333333334 0.0125 0.015833333333333335
3 0.7765625 0.6833333333333333 0.011875 0.016666666666666666
3 0.3015625 0.27416666666666667 0.011875 0.015
3 0.6271875 0.8825 0.010625 0.015
3 0.96125 0.9191666666666667 0.0125 0.016666666666666666
3 0.829375 0.5845833333333333 0.01125 0.014166666666666666
3 0.755 0.6441666666666667 0.01 0.013333333333333334
3 0.4896875 0.40958333333333335 0.010625 0.014166666666666666
3 0.4334375 0.39958333333333335 0.011875 0.015833333333333335
3 0.6509375 0.51 0.009375 0.013333333333333334
3 0.5409375 0.7145833333333333 0.010625 0.014166666666666666
3 0.420625 0.5791666666666667 0.01125 0.015
3 0.3678125 0.37625 0.010625 0.014166666666666666
3 0.9559375 0.4708333333333333 0.009375 0.011666666666666667
3 0.870625 0.5854166666666667 0.01125 0.020833333333333332
3 0.116875 0.47458333333333336 0.01125 0.020833333333333332
3 0.2834375 0.12625 0.010625 0.014166666666666666
3 0.5528125 0.28875 0.010625 0.014166666666666666
3 0.8953125 0.9570833333333333 0.009375 0.0125
3 0.528125 0.555 0.0075 0.01
3 0.2375 0.5991666666666666 0.01 0.013333333333333334
3 0.550625 0.255 0.00875 0.011666666666666667
3 0.3625 0.2941666666666667 0.0075 0.01
3 0.8825 0.935 0.00875 0.011666666666666667
3 0.4165625 0.8866666666666667 0.006875 0.01
3 0.593125 0.11333333333333333 0.00875 0.011666666666666667
3 0.0640625 0.5895833333333333 0.009375 0.0125
3 0.515 0.2866666666666667 0.0075 0.01
3 0.2384375 0.11791666666666667 0.009375 0.0125
3 0.9903125 0.28041666666666665 0.009375 0.0125
3 0.53625 0.11666666666666667 0.01 0.013333333333333334
3 0.176875 0.6675 0.01 0.013333333333333334
3 0.0440625 0.48625 0.009375 0.0125
3 0.3634375 0.25458333333333333 0.008125 0.010833333333333334
3 0.5240625 0.8045833333333333 0.008125 0.010833333333333334
3 0.8796875 0.8458333333333333 0.009375 0.011666666666666667
3 0.8 0.27458333333333335 0.0075 0.010833333333333334
3 0.5540625 0.9841666666666666 0.009375 0.013333333333333334
3 0.4034375 0.4058333333333333 0.009375 0.011666666666666667
3 0.0640625 0.8016666666666666 0.010625 0.013333333333333334
3 0.4415625 0.16916666666666666 0.009375 0.013333333333333334
3 0.263125 0.8425 0.01125 0.015
3 0.6909375 0.27791666666666665 0.010625 0.014166666666666666
3 0.4453125 0.35375 0.011875 0.015833333333333335
3 0.441875 0.4575 0.01125 0.015
3 0.0378125 0.6425 0.008125 0.01
3 0.6815625 0.47375 0.006875 0.010833333333333334
3 0.243125 0.3858333333333333 0.00875 0.011666666666666667
3 0.5034375 0.9508333333333333 0.008125 0.01
3 0.064375 0.7808333333333334 0.00625 0.008333333333333333
3 0.8134375 0.8254166666666667 0.006875 0.009166666666666667
3 0.9496875 0.2891666666666667 0.006875 0.008333333333333333
3 0.400625 0.375 0.0075 0.01
3 0.795625 0.9741666666666666 0.0075 0.01
3 0.55125 0.2775 0.0075 0.01
3 0.2709375 0.9179166666666667 0.008125 0.010833333333333334
3 0.051875 0.9483333333333334 0.0075 0.01
3 0.945 0.8470833333333333 0.00875 0.010833333333333334
3 0.2225 0.9033333333333333 0.01 0.013333333333333334
3 0.5403125 0.5475 0.008125 0.01
3 0.9178125 0.10333333333333333 0.008125 0.011666666666666667
3 0.194375 0.17291666666666666 0.0125 0.020833333333333332
3 0.9440625 0.3645833333333333 0.015625 0.015833333333333335
3 0.5771875 0.0175 0.015625 0.021666666666666667
3 0.1946875 0.49833333333333335 0.013125 0.016666666666666666
3 0.8809375 0.2975 0.009375 0.013333333333333334
3 0.1003125 0.3475 0.011875 0.015
3 0.40625 0.6783333333333333 0.0125 0.016666666666666666
3 0.3409375 0.875 0.009375 0.013333333333333334
3 0.2453125 0.7354166666666667 0.009375 0.0125
3 0.1678125 0.66125 0.010625 0.014166666666666666
3 0.375 0.9525 0.0075 0.01
3 0.8515625 0.90875 0.008125 0.010833333333333334
3 0.87625 0.9075 0.01 0.013333333333333334
3 0.02625 0.3883333333333333 0.00875 0.011666666666666667
3 0.6771875 0.8629166666666667 0.013125 0.0175
3 0.8065625 0.9320833333333334 0.011875 0.015833333333333335
3 0.9478125 0.6095833333333334 0.013125 0.0175
3 0.2196875 0.71625 0.013125 0.0175
3 0.4940625 0.6879166666666666 0.013125 0.0175
3 0.00625 0.2916666666666667 0.0125 0.016666666666666666
3 0.67 0.7908333333333334 0.01 0.013333333333333334
3 0.3225 0.7083333333333334 0.01 0.013333333333333334
3 0.050625 0.9583333333333334 0.01 0.013333333333333334
3 0.32 0.7020833333333333 0.0075 0.010833333333333334
3 0.015625 0.6858333333333333 0.01 0.013333333333333334
3 0.57125 0.5316666666666666 0.00875 0.011666666666666667
3 0.5171875 0.4529166666666667 0.008125 0.010833333333333334
3 0.8553125 0.4816666666666667 0.009375 0.013333333333333334
3 0.4390625 0.4041666666666667 0.009375 0.013333333333333334
3 0.26125 0.64125 0.00875 0.0125
3 0.4165625 0.56625 0.008125 0.010833333333333334
3 0.514375 0.49541666666666667 0.0075 0.010833333333333334
3 0.445 0.7583333333333333 0.00875 0.011666666666666667
3 0.7925 0.655 0.0075 0.01
3 0.8128125 0.2945833333333333 0.008125 0.010833333333333334
3 0.0340625 0.5045833333333334 0.008125 0.010833333333333334
3 0.7840625 0.60375 0.008125 0.010833333333333334
3 0.39625 0.20666666666666667 0.00875 0.011666666666666667
3 0.03375 0.2604166666666667 0.00625 0.009166666666666667
3 0.7784375 0.8866666666666667 0.008125 0.011666666666666667
3 0.444375 0.26958333333333334 0.0075 0.010833333333333334
3 0.6634375 0.9716666666666667 0.008125 0.011666666666666667
3 0.1921875 0.21791666666666668 0.009375 0.0125
3 0.6815625 0.6929166666666666 0.009375 0.0125
3 0.259375 0.52875 0.0075 0.010833333333333334
3 0.6428125 0.80875 0.008125 0.010833333333333334
3 0.6853125 0.81875 0.008125 0.010833333333333334
3 0.9925 0.31875 0.0075 0.009166666666666667
3 0.3684375 0.03791666666666667 0.008125 0.010833333333333334
3 0.6065625 0.23083333333333333 0.006875 0.01
3 0.841875 0.6979166666666666 0.01625 0.020833333333333332
3 0.105 0.10875 0.015 0.020833333333333332
3 0.074375 0.8954166666666666 0.0075 0.010833333333333334
3 0.92125 0.7633333333333333 0.00875 0.011666666666666667
3 0.6378125 0.6183333333333333 0.008125 0.011666666666666667
3 0.1625 0.8491666666666666 0.00625 0.01
3 0.52875 0.6329166666666667 0.00875 0.010833333333333334
3 0.1790625 0.2075 0.008125 0.01
3 0.508125 0.8820833333333333 0.00875 0.0125
3 0.4415625 0.9758333333333333 0.008125 0.01
3 0.773125 0.8795833333333334 0.00875 0.0125
3 0.27375 0.016666666666666666 0.01 0.013333333333333334
3 0.2403125 0.76125 0.009375 0.0125
3 0.986875 0.9333333333333333 0.01 0.013333333333333334
3 0.9265625 0.3645833333333333 0.006875 0.009166666666666667
3 0.1025 0.7375 0.00875 0.011666666666666667
3 0.9584375 0.5379166666666667 0.008125 0.010833333333333334
3 0.0503125 0.9920833333333333 0.006875 0.009166666666666667
3 0.775 0.29833333333333334 0.00875 0.011666666666666667
3 0.983125 0.6295833333333334 0.0075 0.0075
3 0.2409375 0.4529166666666667 0.006875 0.010833333333333334
3 0.364375 0.9154166666666667 0.00625 0.010833333333333334
3 0.7534375 0.9316666666666666 0.005625 0.01
