3 0.18375 0.43916666666666665 0.01875 0.03
3 0.655 0.7829166666666667 0.0275 0.0375
3 0.7546875 0.43333333333333335 0.028125 0.03666666666666667
3 0.7934375 0.25416666666666665 0.016875 0.021666666666666667
3 0.519375 0.03375 0.01625 0.0225
3 0.030625 0.9104166666666667 0.02125 0.0275
3 0.5034375 0.5775 0.020625 0.02666666666666667
3 0.926875 0.5125 0.01875 0.023333333333333334
3 0.1653125 0.8754166666666666 0.020625 0.0275
3 0.828125 0.8658333333333333 0.0175 0.025
3 0.0565625 0.29791666666666666 0.015625 0.0175
3 0.7434375 0.9383333333333334 0.020625 0.02666666666666667
3 0.1340625 0.41208333333333336 0.018125 0.025833333333333333
3 0.875 0.905 0.01625 0.018333333333333333
3 0.566875 0.45625 0.01875 0.019166666666666665
3 0.6384375 0.7575 0.020625 0.028333333333333332
3 0.0840625 0.7404166666666666 0.016875 0.0275
3 0.3025 0.83 0.02125 0.028333333333333332
3 0.7890625 0.9204166666666667 0.016875 0.020833333333333332
3 0.2071875 0.3908333333333333 0.015625 0.021666666666666667
3 0.99 0.8095833333333333 0.01375 0.015833333333333335
3 0.4259375 0.8975 0.016875 0.023333333333333334
3 0.5740625 0.51 0.016875 0.021666666666666667
3 0.9890625 0.8545833333333334 0.013125 0.0175
3 0.37875 0.6766666666666666 0.015 0.02
3 0.6965625 0.44458333333333333 0.014375 0.019166666666666665
3 0.5846875 0.16125 0.018125 0.024166666666666666
3 0.151875 0.06666666666666667 0.0175 0.023333333333333334
3 0.5690625 0.68625 0.018125 0.024166666666666666
3 0.5884375 0.40958333333333335 0.014375 0.019166666666666665
3 0.806875 0.8266666666666667 0.015 0.02
3 0.5115625 0.8833333333333333 0.011875 0.016666666666666666
3 0.693125 0.55375 0.015 0.020833333333333332
3 0.03875 0.10333333333333333 0.01875 0.025
3 0.0625 0.3575 0.02 0.02666666666666667
3 0.498125 0.8058333333333333 0.01875 0.025
3 0.9421875 0.37833333333333335 0.018125 0.025
3 0.29875 0.635 0.01375 0.018333333333333333
3 0.519375 0.5041666666666667 0.01375 0.018333333333333333
3 0.0846875 0.7204166666666667 0.014375 0.019166666666666665
3 0.28875 0.3425 0.01375 0.018333333333333333
3 0.569375 0.445 0.0125 0.016666666666666666
3 0.2871875 0.04791666666666667 0.010625 0.014166666666666666
3 0.584375 0.305 0.0125 0.016666666666666666
3 0.39 0.2916666666666667 0.01375 0.018333333333333333
3 0.1678125 0.6658333333333334 0.013125 0.016666666666666666
3 0.963125 0.7691666666666667 0.01125 0.015
3 0.4234375 0.585 0.010625 0.013333333333333334
3 0.9453125 0.5166666666666667 0.011875 0.015
3 0.2703125 0.37916666666666665 0.011875 0.016666666666666666
3 0.57625 0.19041666666666668 0.01875 0.024166666666666666
3 0.895 0.050833333333333335 0.02 0.02666666666666667
3 0.3428125 0.80625 0.016875 0.020833333333333332
3 0.5709375 0.9104166666666667 0.016875 0.020833333333333332
3 0.91 0.52375 0.0125 0.019166666666666665
3 0.5496875 0.7220833333333333 0.014375 0.019166666666666665
3 0.661875 0.6054166666666667 0.01375 0.0175
3 0.04125 0.8275 0.0125 0.015
3 0.3246875 0.43916666666666665 0.014375 0.018333333333333333
3 0.0296875 0.5629166666666666 0.014375 0.019166666666666665
3 0.961875 0.7920833333333334 0.01375 0.0175
3 0.685625 0.15916666666666668 0.0125 0.016666666666666666
3 0.283125 0.30916666666666665 0.00875 0.011666666666666667
3 0.2090625 0.11625 0.010625 0.0125
3 0.6721875 0.765 0.010625 0.015
3 0.5053125 0.9533333333333334 0.010625 0.015
3 0.10875 0.22708333333333333 0.00875 0.0125
3 0.30125 0.3516666666666667 0.01 0.013333333333333334
3 0.9934375 0.8541666666666666 0.008125 0.011666666666666667
3 0.3146875 0.9120833333333334 0.009375 0.0125
3 0.0846875 0.7379166666666667 0.008125 0.010833333333333334
3 0.860625 0.25583333333333336 0.0075 0.01
3 0.6465625 0.21125 0.006875 0.009166666666666667
3 0.9959375 0.7654166666666666 0.006875 0.009166666666666667
3 0.0534375 0.7729166666666667 0.008125 0.010833333333333334
3 0.8628125 0.9770833333333333 0.006875 0.009166666666666667
3 0.82375 0.8833333333333333 0.0075 0.01
3 0.11875 0.07041666666666667 0.0075 0.010833333333333334
3 0.718125 0.5245833333333333 0.00625 0.009166666666666667
3 0.6365625 0.4166666666666667 0.005625 0.008333333333333333
3 0.650625 0.31958333333333333 0.00625 0.009166666666666667
3 0.7084375 0.30875 0.006875 0.009166666666666667
3 0.2728125 0.3720833333333333 0.008125 0.010833333333333334
3 0.9525 0.6233333333333333 0.0075 0.01
3 0.6325 0.12583333333333332 0.00625 0.006666666666666667
3 0.3025 0.89875 0.00625 0.009166666666666667
3 0.7709375 0.69125 0.006875 0.009166666666666667
3 0.7240625 0.6129166666666667 0.004375 0.0075
3 0.88875 0.8775 0.00625 0.008333333333333333
3 0.2965625 0.79875 0.006875 0.009166666666666667
3 0.0359375 0.06583333333333333 0.005625 0.006666666666666667
3 0.3775 0.5758333333333333 0.00625 0.008333333333333333
3 0.7503125 0.4583333333333333 0.005625 0.006666666666666667
3 0.3721875 0.32625 0.006875 0.009166666666666667
3 0.2334375 0.042083333333333334 0.008125 0.010833333333333334
3 0.7684375 0.7454166666666666 0.006875 0.009166666666666667
3 0.990625 0.8183333333333334 0.0075 0.01
3 0.4575 0.245 0.0075 0.01
3 0.820625 0.825 0.01625 0.021666666666666667
3 0.2440625 0.2654166666666667 0.015625 0.019166666666666665
3 0.3 0.74625 0.01625 0.020833333333333332
3 0.7940625 0.2520833333333333 0.014375 0.020833333333333332
3 0.6171875 0.19416666666666665 0.014375 0.016666666666666666
3 0.5365625 0.6883333333333334 0.015625 0.02
3 0.918125 0.19916666666666666 0.0125 0.016666666666666666
3 0.0553125 0.48375 0.013125 0.0175
3 0.1990625 0.15208333333333332 0.011875 0.015833333333333335
3 0.2253125 0.017916666666666668 0.010625 0.014166666666666666
3 0.716875 0.9525 0.0125 0.016666666666666666
3 0.3425 0.55875 0.01 0.014166666666666666
3 0.3 0.3129166666666667 0.01 0.0125
3 0.4225 0.6666666666666666 0.01375 0.018333333333333333
3 0.500625 0.785 0.015 0.016666666666666666
3 0.371875 0.4141666666666667 0.01625 0.02
3 0.5325 0.8075 0.0125 0.02
3 0.704375 0.8645833333333334 0.01375 0.020833333333333332
3 0.2 0.9441666666666667 0.0125 0.018333333333333333
3 0.99375 0.6041666666666666 0.01125 0.013333333333333334
3 0.526875 0.4375 0.0125 0.015
3 0.9459375 0.92375 0.009375 0.0125
3 0.5403125 0.5170833333333333 0.010625 0.014166666666666666
3 0.3496875 0.7970833333333334 0.010625 0.014166666666666666
3 0.754375 0.8733333333333333 0.00875 0.01
3 0.48625 0.9575 0.01125 0.015
3 0.425625 0.19125 0.01 0.014166666666666666
3 0.0521875 0.5825 0.010625 0.015
3 0.7859375 0.17 0.010625 0.015
3 0.14375 0.6470833333333333 0.01 0.0125
3 0.69125 0.6533333333333333 0.01125 0.015
3 0.0396875 0.3 0.010625 0.013333333333333334
3 0.56625 0.7420833333333333 0.01 0.014166666666666666
3 0.0184375 0.62875 0.009375 0.0125
3 0.6959375 0.5904166666666667 0.009375 0.0125
3 0.195 0.8441666666666666 0.01 0.013333333333333334
3 0.130625 0.7466666666666667 0.01 0.013333333333333334
3 0.165 0.6608333333333334 0.00875 0.011666666666666667
3 0.7678125 0.6408333333333334 0.006875 0.01
3 0.22375 0.48833333333333334 0.01 0.013333333333333334
3 0.915 0.6941666666666667 0.01 0.013333333333333334
3 0.595625 0.87375 0.0075 0.010833333333333334
3 0.5625 0.43625 0.00875 0.010833333333333334
3 0.0334375 0.6816666666666666 0.008125 0.01
3 0.5040625 0.8366666666666667 0.008125 0.011666666666666667
3 0.1784375 0.08166666666666667 0.009375 0.013333333333333334
3 0.0325 0.58125 0.00875 0.0125
3 0.4009375 0.12333333333333334 0.009375 0.011666666666666667
3 0.9028125 0.91875 0.009375 0.0125
3 0.091875 0.8408333333333333 0.00875 0.011666666666666667
3 0.239375 0.18166666666666667 0.01 0.013333333333333334
3 0.47125 0.12916666666666668 0.00875 0.01
3 0.151875 0.3983333333333333 0.01125 0.015
3 0.108125 0.3883333333333333 0.00875 0.013333333333333334
3 0.088125 0.2 0.01125 0.015
3 0.7425 0.39166666666666666 0.00875 0.01
3 0.993125 0.7791666666666667 0.0075 0.011666666666666667
3 0.5465625 0.33875 0.009375 0.0125
3 0.4903125 0.29375 0.010625 0.014166666666666666
3 0.41875 0.09916666666666667 0.01125 0.015
3 0.425 0.11208333333333333 0.00875 0.0125
3 0.2528125 0.8625 0.010625 0.013333333333333334
3 0.2284375 0.40791666666666665 0.010625 0.014166666666666666
3 0.4615625 0.9704166666666667 0.009375 0.0125
3 0.861875 0.11583333333333333 0.00875 0.011666666666666667
3 0.0209375 0.90625 0.008125 0.010833333333333334
3 0.7921875 0.7829166666666667 0.009375 0.0125
3 0.0246875 0.895 0.010625 0.013333333333333334
3 0.219375 0.3175 0.0125 0.016666666666666666
3 0.6296875 0.06125 0.011875 0.015833333333333335
3 0.0209375 0.42833333333333334 0.011875 0.016666666666666666
3 0.354375 0.44583333333333336 0.00625 0.008333333333333333
3 0.7571875 0.8654166666666666 0.008125 0.010833333333333334
3 0.9090625 0.55 0.008125 0.01
3 0.3840625 0.33916666666666667 0.006875 0.008333333333333333
3 0.970625 0.8783333333333333 0.0075 0.01
3 0.151875 0.7495833333333334 0.01375 0.014166666666666666
3 0.67875 0.21666666666666667 0.015 0.02
3 0.204375 0.89875 0.015 0.019166666666666665
3 0.6103125 0.18916666666666668 0.013125 0.02
3 0.5715625 0.92875 0.016875 0.0225
3 0.2996875 0.78625 0.013125 0.014166666666666666
3 0.1121875 0.030416666666666668 0.014375 0.020833333333333332
3 0.3659375 0.05291666666666667 0.015625 0.0225
3 0.558125 0.5783333333333334 0.01625 0.02
3 0.3090625 0.49875 0.015625 0.020833333333333332
3 0.48875 0.0475 0.01625 0.021666666666666667
3 0.0578125 0.7041666666666667 0.015625 0.02
3 0.699375 0.9741666666666666 0.015 0.02
3 0.205 0.5620833333333334 0.01125 0.014166666666666666
3 0.6653125 0.05458333333333333 0.011875 0.015833333333333335
3 0.2175 0.051666666666666666 0.01125 0.015
3 0.32875 0.7954166666666667 0.00875 0.010833333333333334
3 0.8134375 0.77375 0.010625 0.014166666666666666
3 0.0234375 0.92875 0.009375 0.0125
3 0.415 0.6225 0.01 0.013333333333333334
3 0.300625 0.41 0.01 0.013333333333333334
3 0.3803125 0.805 0.015625 0.021666666666666667
3 0.2796875 0.48291666666666666 0.010625 0.0175
3 0.2675 0.18625 0.01625 0.020833333333333332
3 0.565625 0.12875 0.01375 0.015833333333333335
3 0.4621875 0.21541666666666667 0.015625 0.019166666666666665
3 0.4815625 0.6758333333333333 0.014375 0.016666666666666666
3 0.2134375 0.027916666666666666 0.009375 0.0125
3 0.7459375 0.88375 0.008125 0.010833333333333334
3 0.4621875 0.24875 0.009375 0.0125
3 0.0353125 0.3954166666666667 0.006875 0.009166666666666667
3 0.9646875 0.31333333333333335 0.008125 0.008333333333333333
3 0.04375 0.9770833333333333 0.00625 0.010833333333333334
3 0.4559375 0.7175 0.005625 0.01
3 0.5365625 0.44583333333333336 0.008125 0.008333333333333333
3 0.1065625 0.8920833333333333 0.009375 0.0125
3 0.43625 0.6783333333333333 0.0075 0.013333333333333334
3 0.57 0.5420833333333334 0.01125 0.0125
3 0.2309375 0.3229166666666667 0.006875 0.0125
3 0.29375 0.76 0.01 0.015
3 0.50625 0.29791666666666666 0.01125 0.015833333333333335
3 0.79875 0.5866666666666667 0.01125 0.013333333333333334
3 0.9415625 0.9008333333333334 0.013125 0.016666666666666666
3 0.03 0.83625 0.0125 0.0175
3 0.6165625 0.33 0.011875 0.016666666666666666
3 0.8271875 0.2816666666666667 0.010625 0.013333333333333334
3 0.1740625 0.40708333333333335 0.013125 0.0175
3 0.6471875 0.9179166666666667 0.011875 0.015833333333333335
3 0.8484375 0.06791666666666667 0.010625 0.014166666666666666
3 0.0790625 0.50625 0.013125 0.0175
3 0.78125 0.4558333333333333 0.0125 0.016666666666666666
3 0.899375 0.6041666666666666 0.0125 0.016666666666666666
3 0.8575 0.9691666666666666 0.01 0.013333333333333334
3 0.0646875 0.47208333333333335 0.010625 0.014166666666666666
3 0.78625 0.6908333333333333 0.00875 0.011666666666666667
3 0.5125 0.9658333333333333 0.00875 0.011666666666666667
3 0.3253125 0.03833333333333333 0.009375 0.013333333333333334
3 0.1340625 0.13041666666666665 0.008125 0.010833333333333334
3 0.1353125 0.010833333333333334 0.006875 0.01
3 0.5578125 0.5208333333333334 0.005625 0.008333333333333333
3 0.094375 0.27208333333333334 0.00625 0.0075
3 0.1775 0.027083333333333334 0.01 0.0125
3 0.548125 0.68 0.0125 0.016666666666666666
3 0.7125 0.7116666666666667 0.0125 0.016666666666666666
3 0.3990625 0.2704166666666667 0.011875 0.015833333333333335
3 0.1609375 0.7245833333333334 0.011875 0.015833333333333335
3 0.696875 0.11166666666666666 0.0125 0.016666666666666666
3 0.064375 0.5679166666666666 0.00875 0.0125
3 0.418125 0.8295833333333333 0.01 0.014166666666666666
3 0.7128125 0.9491666666666667 0.008125 0.01
3 0.6221875 0.25958333333333333 0.010625 0.014166666666666666
3 0.495625 0.12708333333333333 0.01125 0.014166666666666666
3 0.2078125 0.8920833333333333 0.008125 0.009166666666666667
3 0.3890625 0.8679166666666667 0.010625 0.014166666666666666
3 0.56375 0.8966666666666666 0.00875 0.013333333333333334
3 0.621875 0.4058333333333333 0.01 0.011666666666666667
3 0.3909375 0.5891666666666666 0.008125 0.011666666666666667
3 0.13625 0.8995833333333333 0.01 0.014166666666666666
3 0.12 0.6495833333333333 0.01625 0.024166666666666666
3 0.03375 0.34041666666666665 0.01625 0.015833333333333335
3 0.2071875 0.9208333333333333 0.018125 0.023333333333333334
3 0.559375 0.1575 0.015 0.023333333333333334
3 0.8434375 0.20958333333333334 0.015625 0.024166666666666666
3 0.753125 0.14916666666666667 0.01 0.013333333333333334
3 0.406875 0.78 0.01 0.013333333333333334
3 0.4325 0.6295833333333334 0.00875 0.0125
3 0.781875 0.41125 0.00875 0.010833333333333334
3 0.5153125 0.89625 0.009375 0.0125
3 0.9921875 0.6604166666666667 0.009375 0.0125
3 0.1809375 0.11041666666666666 0.008125 0.010833333333333334
3 0.646875 0.5108333333333334 0.01 0.013333333333333334
3 0.6584375 0.39625 0.008125 0.010833333333333334
3 0.2328125 0.19708333333333333 0.008125 0.010833333333333334
3 0.8584375 0.15791666666666668 0.009375 0.0125
3 0.2090625 0.6866666666666666 0.009375 0.013333333333333334
3 0.52125 0.04958333333333333 0.01 0.0125
3 0.6971875 0.5375 0.008125 0.011666666666666667
3 0.3540625 0.41541666666666666 0.011875 0.015833333333333335
3 0.4128125 0.8304166666666667 0.011875 0.015833333333333335
3 0.440625 0.5033333333333333 0.00625 0.01
3 0.128125 0.38 0.00625 0.01
3 0.848125 0.9004166666666666 0.00875 0.010833333333333334
3 0.3103125 0.16 0.008125 0.01
3 0.1434375 0.8020833333333334 0.006875 0.010833333333333334
3 0.581875 0.3 0.00875 0.011666666666666667
3 0.4734375 0.6745833333333333 0.008125 0.010833333333333334
3 0.8978125 0.9245833333333333 0.006875 0.009166666666666667
3 0.1665625 0.34458333333333335 0.008125 0.010833333333333334
3 0.5125 0.34625 0.0075 0.009166666666666667
3 0.04125 0.1575 0.0075 0.01
3 0.0071875 0.49625 0.008125 0.010833333333333334
3 0.890625 0.825 0.0075 0.01
3 0.165625 0.48541666666666666 0.0075 0.009166666666666667
3 0.0840625 0.10291666666666667 0.008125 0.010833333333333334
3 0.2496875 0.8983333333333333 0.009375 0.011666666666666667
3 0.3359375 0.37833333333333335 0.008125 0.011666666666666667
3 0.01 0.07583333333333334 0.01 0.013333333333333334
3 0.518125 0.82375 0.01625 0.019166666666666665
3 0.4609375 0.28458333333333335 0.015625 0.015833333333333335
3 0.0746875 0.7808333333333334 0.014375 0.013333333333333334
3 0.3753125 0.23333333333333334 0.014375 0.013333333333333334
3 0.0309375 0.9570833333333333 0.013125 0.020833333333333332
3 0.37125 0.7629166666666667 0.01625 0.020833333333333332
3 0.7225 0.1675 0.0125 0.016666666666666666
3 0.666875 0.33541666666666664 0.01125 0.014166666666666666
3 0.6475 0.8225 0.0075 0.01
3 0.5284375 0.8845833333333334 0.009375 0.0125
3 0.0071875 0.8670833333333333 0.010625 0.014166666666666666
3 0.110625 0.15916666666666668 0.01 0.013333333333333334
3 0.6309375 0.67625 0.013125 0.0175
3 0.4128125 0.7070833333333333 0.010625 0.014166666666666666
3 0.2546875 0.6104166666666667 0.009375 0.0125
3 0.225625 0.23833333333333334 0.01 0.013333333333333334
3 0.77375 0.83 0.01 0.013333333333333334
3 0.5378125 0.6295833333333334 0.009375 0.0125
3 0.926875 0.24666666666666667 0.01 0.013333333333333334
3 0.036875 0.45458333333333334 0.01 0.0125
3 0.48375 0.0925 0.01 0.013333333333333334
3 0.975625 0.9033333333333333 0.01 0.013333333333333334
3 0.0784375 0.2833333333333333 0.008125 0.011666666666666667
3 0.0471875 0.15208333333333332 0.009375 0.0125
3 0.806875 0.9458333333333333 0.01 0.013333333333333334
3 0.0525 0.5391666666666667 0.00875 0.011666666666666667
3 0.49875 0.8904166666666666 0.0075 0.010833333333333334
3 0.164375 0.45708333333333334 0.00875 0.010833333333333334
3 0.2159375 0.6266666666666667 0.009375 0.013333333333333334
3 0.0440625 0.17875 0.009375 0.0125
3 0.2996875 0.5470833333333334 0.009375 0.0125
3 0.74625 0.10625 0.0075 0.010833333333333334
3 0.939375 0.9041666666666667 0.00875 0.011666666666666667
3 0.308125 0.81 0.00875 0.011666666666666667
3 0.1909375 0.4920833333333333 0.008125 0.010833333333333334
3 0.0390625 0.37625 0.008125 0.010833333333333334
3 0.4134375 0.21 0.006875 0.01
3 0.7834375 0.7166666666666667 0.008125 0.011666666666666667
3 0.128125 0.5183333333333333 0.00875 0.011666666666666667
3 0.95625 0.9929166666666667 0.00875 0.010833333333333334
3 0.14 0.9245833333333333 0.0075 0.010833333333333334
3 0.074375 0.7104166666666667 0.0075 0.010833333333333334
3 0.4171875 0.85125 0.006875 0.009166666666666667
3 0.8471875 0.35375 0.008125 0.010833333333333334
3 0.6634375 0.56125 0.009375 0.0125
3 0.1278125 0.9079166666666667 0.009375 0.0125
3 0.5509375 0.5408333333333334 0.005625 0.008333333333333333
3 0.6696875 0.6154166666666666 0.008125 0.010833333333333334
3 0.889375 0.7695833333333333 0.00625 0.009166666666666667
3 0.8415625 0.32875 0.008125 0.010833333333333334
3 0.12875 0.9854166666666667 0.01625 0.020833333333333332
3 0.2434375 0.6191666666666666 0.016875 0.021666666666666667
3 0.5184375 0.4379166666666667 0.008125 0.009166666666666667
3 0.9565625 0.6420833333333333 0.006875 0.0075
3 0.698125 0.8454166666666667 0.00875 0.010833333333333334
3 0.9328125 0.62 0.009375 0.011666666666666667
3 0.5775 0.19208333333333333 0.01 0.0125
3 0.091875 0.3883333333333333 0.01 0.013333333333333334
3 0.93 0.035833333333333335 0.01 0.013333333333333334
3 0.9396875 0.5929166666666666 0.008125 0.010833333333333334
3 0.5134375 0.5570833333333334 0.008125 0.010833333333333334
3 0.295625 0.54 0.00875 0.011666666666666667
3 0.8365625 0.8129166666666666 0.008125 0.010833333333333334
3 0.8771875 0.9045833333333333 0.009375 0.0125
3 0.828125 0.13 0.00625 0.01
3 0.879375 0.56 0.0075 0.01
