3 0.4734375 0.4379166666666667 0.028125 0.0375
3 0.418125 0.8925 0.025 0.03666666666666667
3 0.13625 0.8054166666666667 0.025 0.029166666666666667
3 0.5384375 0.7908333333333334 0.019375 0.03
3 0.1034375 0.20083333333333334 0.014375 0.02
3 0.1396875 0.7591666666666667 0.014375 0.02
3 0.2546875 0.6716666666666666 0.020625 0.02666666666666667
3 0.60125 0.18208333333333335 0.02 0.0275
3 0.815625 0.7458333333333333 0.015 0.021666666666666667
3 0.6028125 0.9654166666666667 0.020625 0.0275
3 0.7978125 0.015416666666666667 0.016875 0.024166666666666666
3 0.8346875 0.19208333333333333 0.015625 0.024166666666666666
3 0.2375 0.25708333333333333 0.02 0.025833333333333333
3 0.749375 0.45708333333333334 0.02 0.0275
3 0.02375 0.555 0.02 0.025
3 0.285625 0.7845833333333333 0.02 0.025833333333333333
3 0.5115625 0.87125 0.016875 0.019166666666666665
3 0.163125 0.056666666666666664 0.02125 0.02666666666666667
3 0.51375 0.22041666666666668 0.01375 0.024166666666666666
3 0.0953125 0.7583333333333333 0.020625 0.028333333333333332
3 0.0659375 0.07958333333333334 0.016875 0.020833333333333332
3 0.8921875 0.8745833333333334 0.016875 0.020833333333333332
3 0.4025 0.8429166666666666 0.01125 0.0175
3 0.4575 0.25458333333333333 0.0125 0.019166666666666665
3 0.42875 0.2816666666666667 0.01375 0.016666666666666666
3 0.66 0.4870833333333333 0.0175 0.0225
3 0.138125 0.2608333333333333 0.01375 0.018333333333333333
3 0.265 0.9416666666666667 0.01375 0.018333333333333333
3 0.944375 0.15583333333333332 0.01625 0.021666666666666667
3 0.1803125 0.13791666666666666 0.018125 0.024166666666666666
3 0.1746875 0.97 0.011875 0.016666666666666666
3 0.0925 0.25 0.0175 0.023333333333333334
3 0.550625 0.6170833333333333 0.015 0.020833333333333332
3 0.449375 0.0575 0.01625 0.021666666666666667
3 0.8575 0.7558333333333334 0.01375 0.018333333333333333
3 0.6509375 0.6875 0.019375 0.025
3 0.758125 0.415 0.02 0.02666666666666667
3 0.9359375 0.6691666666666667 0.019375 0.02666666666666667
3 0.9353125 0.695 0.015625 0.02
3 0.94625 0.6691666666666667 0.015 0.02
3 0.310625 0.615 0.0125 0.016666666666666666
3 0.438125 0.18583333333333332 0.0125 0.016666666666666666
3 0.3121875 0.8041666666666667 0.013125 0.016666666666666666
3 0.78625 0.975 0.0125 0.016666666666666666
3 0.06125 0.035416666666666666 0.00875 0.0125
3 0.0378125 0.3858333333333333 0.011875 0.015
3 0.721875 0.23916666666666667 0.01375 0.018333333333333333
3 0.8590625 0.6695833333333333 0.013125 0.0175
3 0.520625 0.11458333333333333 0.01125 0.015833333333333335
3 0.42625 0.41333333333333333 0.0125 0.016666666666666666
3 0.138125 0.31416666666666665 0.01875 0.023333333333333334
3 0.523125 0.06166666666666667 0.0175 0.021666666666666667
3 0.07125 0.5491666666666667 0.0175 0.025
3 0.356875 0.39916666666666667 0.01625 0.02
3 0.6234375 0.8441666666666666 0.016875 0.023333333333333334
3 0.1115625 0.635 0.016875 0.021666666666666667
3 0.61375 0.5529166666666666 0.0175 0.0225
3 0.9703125 0.56875 0.015625 0.019166666666666665
3 0.983125 0.3070833333333333 0.01625 0.0225
3 0.193125 0.3258333333333333 0.01125 0.013333333333333334
3 0.76875 0.05583333333333333 0.01375 0.018333333333333333
3 0.4546875 0.67125 0.011875 0.0175
3 0.613125 0.3308333333333333 0.0125 0.018333333333333333
3 0.049375 0.4608333333333333 0.01125 0.016666666666666666
3 0.1028125 0.3954166666666667 0.010625 0.014166666666666666
3 0.124375 0.9158333333333334 0.01125 0.015
3 0.293125 0.26708333333333334 0.01125 0.014166666666666666
3 0.715625 0.8720833333333333 0.01 0.010833333333333334
3 0.4028125 0.5708333333333333 0.010625 0.015
3 0.94625 0.008333333333333333 0.01 0.013333333333333334
3 0.9075 0.73875 0.00875 0.0125
3 0.18375 0.4275 0.01 0.013333333333333334
3 0.965625 0.39 0.00875 0.011666666666666667
3 0.773125 0.03791666666666667 0.01 0.0125
3 0.411875 0.13833333333333334 0.01 0.013333333333333334
3 0.44875 0.08791666666666667 0.00625 0.009166666666666667
3 0.85625 0.75875 0.00625 0.0075
3 0.365625 0.7733333333333333 0.0075 0.01
3 0.269375 0.965 0.0075 0.01
3 0.736875 0.21083333333333334 0.0075 0.01
3 0.9125 0.9258333333333333 0.0075 0.01
3 0.5275 0.20208333333333334 0.0075 0.010833333333333334
3 0.8284375 0.9541666666666667 0.006875 0.01
3 0.413125 0.11833333333333333 0.00625 0.008333333333333333
3 0.6321875 0.20125 0.008125 0.010833333333333334
3 0.765 0.030833333333333334 0.0075 0.01
3 0.78125 0.46458333333333335 0.0075 0.009166666666666667
3 0.259375 0.24916666666666668 0.00625 0.008333333333333333
3 0.2859375 0.1225 0.005625 0.008333333333333333
3 0.2903125 0.09958333333333333 0.008125 0.010833333333333334
3 0.1040625 0.7179166666666666 0.008125 0.010833333333333334
3 0.7290625 0.2633333333333333 0.008125 0.01
3 0.1975 0.7779166666666667 0.00625 0.009166666666666667
3 0.9753125 0.9625 0.006875 0.008333333333333333
3 0.52125 0.94125 0.00625 0.0075
3 0.1384375 0.9920833333333333 0.006875 0.009166666666666667
3 0.6971875 0.24541666666666667 0.006875 0.009166666666666667
3 0.2028125 0.6691666666666667 0.006875 0.008333333333333333
3 0.29375 0.28708333333333336 0.0075 0.009166666666666667
3 0.1171875 0.4325 0.005625 0.008333333333333333
3 0.5059375 0.43916666666666665 0.006875 0.008333333333333333
3 0.1053125 0.6516666666666666 0.005625 0.006666666666666667
3 0.636875 0.8483333333333334 0.0075 0.01
3 0.6359375 0.5654166666666667 0.005625 0.0075
3 0.54625 0.5425 0.0125 0.018333333333333333
3 0.48 0.42333333333333334 0.01625 0.021666666666666667
3 0.6190625 0.80875 0.013125 0.0175
3 0.503125 0.3308333333333333 0.01125 0.015
3 0.6609375 0.03791666666666667 0.013125 0.0175
3 0.349375 0.9766666666666667 0.01375 0.018333333333333333
3 0.4696875 0.08125 0.010625 0.014166666666666666
3 0.354375 0.20208333333333334 0.01125 0.019166666666666665
3 0.1978125 0.016666666666666666 0.014375 0.015
3 0.4025 0.6370833333333333 0.01375 0.019166666666666665
3 0.7525 0.705 0.01375 0.018333333333333333
3 0.846875 0.2675 0.01125 0.013333333333333334
3 0.4925 0.6741666666666667 0.01375 0.018333333333333333
3 0.203125 0.4766666666666667 0.00875 0.011666666666666667
3 0.041875 0.48083333333333333 0.01125 0.015
3 0.065 0.3416666666666667 0.01125 0.015
3 0.2634375 0.82625 0.011875 0.015833333333333335
3 0.8134375 0.8004166666666667 0.011875 0.015833333333333335
3 0.77875 0.7783333333333333 0.00875 0.01
3 0.3075 0.78 0.01125 0.015
3 0.848125 0.4225 0.01125 0.015
3 0.2765625 0.8591666666666666 0.010625 0.013333333333333334
3 0.83625 0.9875 0.01125 0.015
3 0.0353125 0.5595833333333333 0.009375 0.014166666666666666
3 0.161875 0.00625 0.01 0.0125
3 0.658125 0.6741666666666667 0.01125 0.015
3 0.6990625 0.4483333333333333 0.010625 0.013333333333333334
3 0.1096875 0.585 0.010625 0.013333333333333334
3 0.7171875 0.20708333333333334 0.011875 0.015833333333333335
3 0.3128125 0.57375 0.011875 0.015833333333333335
3 0.3621875 0.5641666666666667 0.010625 0.015
3 0.1846875 0.68875 0.008125 0.010833333333333334
3 0.8684375 0.5329166666666667 0.009375 0.0125
3 0.986875 0.9725 0.00875 0.011666666666666667
3 0.869375 0.57 0.0075 0.01
3 0.0303125 0.18208333333333335 0.009375 0.0125
3 0.066875 0.37583333333333335 0.0075 0.01
3 0.455 0.8158333333333333 0.01 0.013333333333333334
3 0.669375 0.31333333333333335 0.01 0.013333333333333334
3 0.9396875 0.9416666666666667 0.009375 0.013333333333333334
3 0.5559375 0.36916666666666664 0.009375 0.013333333333333334
3 0.0796875 0.35 0.008125 0.01
3 0.3390625 0.3879166666666667 0.010625 0.014166666666666666
3 0.6378125 0.08416666666666667 0.008125 0.01
3 0.54875 0.4425 0.01 0.013333333333333334
3 0.579375 0.5433333333333333 0.01 0.013333333333333334
3 0.509375 0.12333333333333334 0.01125 0.015
3 0.510625 0.6329166666666667 0.01125 0.014166666666666666
3 0.2496875 0.5795833333333333 0.010625 0.014166666666666666
3 0.485625 0.12416666666666666 0.00875 0.011666666666666667
3 0.1721875 0.39875 0.009375 0.0125
3 0.774375 0.24583333333333332 0.01 0.013333333333333334
3 0.7615625 0.47208333333333335 0.010625 0.014166666666666666
3 0.141875 0.895 0.01 0.011666666666666667
3 0.1178125 0.36583333333333334 0.010625 0.015
3 0.7265625 0.74125 0.010625 0.014166666666666666
3 0.4734375 0.25375 0.010625 0.014166666666666666
3 0.81625 0.84 0.0075 0.01
3 0.2834375 0.7725 0.010625 0.015
3 0.5875 0.4791666666666667 0.01125 0.015
3 0.9059375 0.7645833333333333 0.010625 0.014166666666666666
3 0.253125 0.7308333333333333 0.01 0.013333333333333334
3 0.2140625 0.10208333333333333 0.010625 0.014166666666666666
3 0.6121875 0.6495833333333333 0.010625 0.014166666666666666
3 0.2678125 0.4370833333333333 0.008125 0.010833333333333334
3 0.17875 0.4891666666666667 0.0075 0.01
3 0.5121875 0.49875 0.011875 0.015833333333333335
3 0.55625 0.67625 0.0125 0.015833333333333335
3 0.8125 0.57125 0.0075 0.009166666666666667
3 0.5784375 0.91375 0.008125 0.010833333333333334
3 0.2540625 0.525 0.006875 0.01
3 0.799375 0.5504166666666667 0.01375 0.014166666666666666
3 0.6353125 0.20333333333333334 0.014375 0.016666666666666666
3 0.8765625 0.3179166666666667 0.015625 0.019166666666666665
3 0.26875 0.18125 0.015 0.0175
3 0.63375 0.22875 0.015 0.020833333333333332
3 0.8196875 0.8304166666666667 0.015625 0.020833333333333332
3 0.668125 0.69125 0.01375 0.0175
3 0.95875 0.26 0.01625 0.021666666666666667
3 0.861875 0.5095833333333334 0.01375 0.019166666666666665
3 0.3484375 0.8608333333333333 0.013125 0.016666666666666666
3 0.1078125 0.21333333333333335 0.010625 0.015
3 0.7934375 0.5104166666666666 0.011875 0.015833333333333335
3 0.7628125 0.17875 0.011875 0.015833333333333335
3 0.7275 0.49166666666666664 0.01 0.013333333333333334
3 0.6715625 0.94375 0.010625 0.014166666666666666
3 0.06 0.07166666666666667 0.01 0.013333333333333334
3 0.1671875 0.7345833333333334 0.010625 0.014166666666666666
3 0.621875 0.47 0.01125 0.018333333333333333
3 0.1425 0.05291666666666667 0.01375 0.015833333333333335
3 0.8190625 0.8445833333333334 0.009375 0.0125
3 0.7240625 0.28708333333333336 0.009375 0.0125
3 0.0353125 0.30875 0.006875 0.009166666666666667
3 0.745625 0.014166666666666666 0.0075 0.01
3 0.2215625 0.043333333333333335 0.008125 0.008333333333333333
3 0.33 0.10291666666666667 0.00875 0.0125
3 0.9021875 0.5970833333333333 0.006875 0.010833333333333334
3 0.335 0.034166666666666665 0.0075 0.011666666666666667
3 0.55375 0.5308333333333334 0.01125 0.013333333333333334
3 0.5596875 0.8916666666666667 0.009375 0.015
3 0.7709375 0.19083333333333333 0.010625 0.011666666666666667
3 0.418125 0.8720833333333333 0.01125 0.015833333333333335
3 0.29125 0.6566666666666666 0.01375 0.018333333333333333
3 0.7509375 0.5891666666666666 0.013125 0.016666666666666666
3 0.825625 0.17125 0.01375 0.0175
3 0.9790625 0.18291666666666667 0.013125 0.0175
3 0.0296875 0.6770833333333334 0.010625 0.014166666666666666
3 0.1503125 0.78375 0.013125 0.0175
3 0.4234375 0.08875 0.013125 0.0175
3 0.7446875 0.9795833333333334 0.013125 0.0175
3 0.3496875 0.7220833333333333 0.013125 0.0175
3 0.645 0.6891666666666667 0.0075 0.01
3 0.750625 0.7783333333333333 0.00875 0.011666666666666667
3 0.9421875 0.43041666666666667 0.008125 0.010833333333333334
3 0.860625 0.6083333333333333 0.01 0.013333333333333334
3 0.1434375 0.5704166666666667 0.010625 0.014166666666666666
3 0.7728125 0.41541666666666666 0.009375 0.0125
3 0.8003125 0.5391666666666667 0.009375 0.011666666666666667
3 0.045625 0.21416666666666667 0.01 0.013333333333333334
3 0.185 0.975 0.00875 0.011666666666666667
3 0.8409375 0.8341666666666666 0.009375 0.013333333333333334
3 0.1996875 0.0225 0.009375 0.013333333333333334
3 0.1609375 0.24833333333333332 0.005625 0.008333333333333333
3 0.5625 0.34833333333333333 0.00625 0.008333333333333333
3 0.7065625 0.9679166666666666 0.011875 0.015833333333333335
3 0.6090625 0.22708333333333333 0.009375 0.0125
3 0.7071875 0.49833333333333335 0.011875 0.015
3 0.6584375 0.3491666666666667 0.010625 0.013333333333333334
3 0.88 0.24083333333333334 0.01 0.013333333333333334
3 0.2840625 0.6829166666666666 0.011875 0.015833333333333335
3 0.63125 0.9716666666666667 0.0125 0.016666666666666666
3 0.8371875 0.16083333333333333 0.010625 0.013333333333333334
3 0.6028125 0.17458333333333334 0.010625 0.014166666666666666
3 0.225625 0.48041666666666666 0.01 0.0125
3 0.7646875 0.585 0.009375 0.013333333333333334
3 0.315625 0.71875 0.01 0.0125
3 0.6046875 0.5695833333333333 0.009375 0.010833333333333334
3 0.7040625 0.84125 0.009375 0.010833333333333334
3 0.0634375 0.4325 0.010625 0.013333333333333334
3 0.9765625 0.5604166666666667 0.008125 0.0125
3 0.813125 0.9283333333333333 0.0175 0.02
3 0.7884375 0.09041666666666667 0.018125 0.0225
3 0.97125 0.45625 0.01125 0.020833333333333332
3 0.9425 0.051666666666666666 0.0175 0.023333333333333334
3 0.2125 0.95125 0.01125 0.020833333333333332
3 0.34875 0.09375 0.0175 0.019166666666666665
3 0.886875 0.18166666666666667 0.00875 0.011666666666666667
3 0.9684375 0.18958333333333333 0.010625 0.014166666666666666
3 0.4025 0.6316666666666667 0.01 0.013333333333333334
3 0.7628125 0.23875 0.010625 0.014166666666666666
3 0.984375 0.17666666666666667 0.01 0.013333333333333334
3 0.045 0.3958333333333333 0.00875 0.011666666666666667
3 0.641875 0.45958333333333334 0.00875 0.010833333333333334
3 0.8571875 0.34125 0.008125 0.010833333333333334
3 0.7571875 0.10166666666666667 0.008125 0.011666666666666667
3 0.2009375 0.8891666666666667 0.009375 0.011666666666666667
3 0.155 0.25125 0.00625 0.009166666666666667
3 0.413125 0.26 0.00875 0.011666666666666667
3 0.7684375 0.40875 0.010625 0.014166666666666666
3 0.3315625 0.8679166666666667 0.009375 0.0125
3 0.2909375 0.66125 0.009375 0.0125
3 0.6746875 0.12291666666666666 0.008125 0.010833333333333334
3 0.5290625 0.4270833333333333 0.009375 0.0125
3 0.461875 0.33916666666666667 0.00875 0.011666666666666667
3 0.158125 0.20083333333333334 0.0075 0.008333333333333333
3 0.1240625 0.5008333333333334 0.009375 0.011666666666666667
3 0.1153125 0.5158333333333334 0.008125 0.011666666666666667
3 0.5875 0.9395833333333333 0.0075 0.010833333333333334
3 0.185 0.6445833333333333 0.01 0.0125
3 0.6509375 0.10166666666666667 0.009375 0.011666666666666667
3 0.3053125 0.08875 0.011875 0.015833333333333335
3 0.53 0.4083333333333333 0.01125 0.015
3 0.9825 0.3095833333333333 0.01125 0.015833333333333335
3 0.0759375 0.47583333333333333 0.009375 0.011666666666666667
3 0.7875 0.20958333333333334 0.01125 0.015833333333333335
3 0.06625 0.6941666666666667 0.00875 0.01
3 0.8859375 0.4666666666666667 0.008125 0.011666666666666667
3 0.37875 0.7220833333333333 0.0075 0.010833333333333334
3 0.14375 0.44583333333333336 0.00875 0.011666666666666667
3 0.0740625 0.4325 0.008125 0.011666666666666667
3 0.7603125 0.86875 0.008125 0.009166666666666667
3 0.71 0.1825 0.0075 0.01
3 0.32 0.05 0.0075 0.01
3 0.0659375 0.6429166666666667 0.006875 0.009166666666666667
3 0.5140625 0.9179166666666667 0.006875 0.009166666666666667
3 0.1575 0.19916666666666666 0.0075 0.01
3 0.678125 0.07916666666666666 0.0075 0.01
3 0.96375 0.8029166666666666 0.00625 0.009166666666666667
3 0.6540625 0.0325 0.006875 0.008333333333333333
3 0.19125 0.2504166666666667 0.01 0.0125
3 0.050625 0.28791666666666665 0.0075 0.009166666666666667
3 0.71125 0.6058333333333333 0.01 0.013333333333333334
3 0.3 0.6895833333333333 0.00875 0.0125
3 0.2125 0.74625 0.01 0.0125
3 0.516875 0.08458333333333333 0.01 0.019166666666666665
3 0.94125 0.7341666666666666 0.015 0.021666666666666667
3 0.4134375 0.11666666666666667 0.015625 0.021666666666666667
3 0.53375 0.37 0.01625 0.02
3 0.7915625 0.2733333333333333 0.013125 0.016666666666666666
3 0.515 0.3575 0.0125 0.016666666666666666
3 0.05125 0.17916666666666667 0.01125 0.015
3 0.253125 0.21833333333333332 0.01125 0.015
3 0.638125 0.63375 0.01125 0.015833333333333335
3 0.29625 0.375 0.01 0.013333333333333334
3 0.480625 0.235 0.0075 0.01
3 0.4240625 0.7954166666666667 0.010625 0.014166666666666666
3 0.3178125 0.8504166666666667 0.010625 0.014166666666666666
3 0.246875 0.5658333333333333 0.0075 0.01
3 0.319375 0.6783333333333333 0.01125 0.015
3 0.6890625 0.02625 0.013125 0.0175
3 0.9784375 0.16208333333333333 0.013125 0.0175
3 0.3478125 0.35791666666666666 0.013125 0.0175
3 0.335 0.4429166666666667 0.00875 0.0125
3 0.0596875 0.455 0.009375 0.013333333333333334
3 0.208125 0.32 0.01 0.013333333333333334
3 0.09875 0.9441666666666667 0.00875 0.011666666666666667
3 0.431875 0.795 0.00875 0.011666666666666667
3 0.1809375 0.2683333333333333 0.006875 0.01
3 0.64 0.9754166666666667 0.00875 0.010833333333333334
3 0.576875 0.56125 0.00875 0.010833333333333334
3 0.7534375 0.6125 0.009375 0.013333333333333334
3 0.43125 0.9783333333333334 0.01 0.013333333333333334
3 0.059375 0.62125 0.00875 0.0125
3 0.1721875 0.8379166666666666 0.009375 0.0125
3 0.3415625 0.13583333333333333 0.006875 0.008333333333333333
3 0.0403125 0.6454166666666666 0.009375 0.0125
3 0.3725 0.31916666666666665 0.00875 0.011666666666666667
3 0.0196875 0.24583333333333332 0.008125 0.01
3 0.62 0.39916666666666667 0.0075 0.01
3 0.36625 0.8408333333333333 0.0075 0.01
3 0.4746875 0.32875 0.006875 0.009166666666666667
3 0.3928125 0.5154166666666666 0.006875 0.009166666666666667
3 0.84875 0.88 0.00875 0.011666666666666667
3 0.1853125 0.11708333333333333 0.006875 0.010833333333333334
3 0.088125 0.5616666666666666 0.00875 0.011666666666666667
3 0.1471875 0.6620833333333334 0.009375 0.0125
3 0.8803125 0.6345833333333334 0.009375 0.0125
3 0.9321875 0.21166666666666667 0.006875 0.008333333333333333
3 0.3615625 0.26708333333333334 0.008125 0.010833333333333334
3 0.9503125 0.03125 0.008125 0.010833333333333334
3 0.6959375 0.25833333333333336 0.006875 0.008333333333333333
3 0.616875 0.49041666666666667 0.0075 0.009166666666666667
3 0.9665625 0.4708333333333333 0.015625 0.021666666666666667
3 0.4725 0.8845833333333334 0.01375 0.0175
3 0.7459375 0.3525 0.015625 0.021666666666666667
3 0.210625 0.6629166666666667 0.01625 0.020833333333333332
3 0.1184375 0.9175 0.016875 0.021666666666666667
3 0.5975 0.85125 0.0075 0.010833333333333334
3 0.394375 0.9691666666666666 0.00875 0.011666666666666667
3 0.2290625 0.58 0.008125 0.01
3 0.864375 0.88 0.01 0.013333333333333334
3 0.2146875 0.20666666666666667 0.008125 0.011666666666666667
3 0.986875 0.415 0.01 0.013333333333333334
3 0.499375 0.73875 0.01 0.0125
3 0.0909375 0.8641666666666666 0.009375 0.011666666666666667
3 0.9396875 0.7416666666666667 0.008125 0.011666666666666667
3 0.0103125 0.34208333333333335 0.009375 0.0125
3 0.9334375 0.09791666666666667 0.009375 0.0125
3 0.6609375 0.9779166666666667 0.006875 0.009166666666666667
3 0.55125 0.3375 0.01 0.013333333333333334
3 0.53 0.3975 0.0075 0.01
3 0.90625 0.6483333333333333 0.00875 0.011666666666666667
3 0.08375 0.24416666666666667 0.00875 0.011666666666666667
3 0.7859375 0.32875 0.009375 0.0125
3 0.61125 0.375 0.0075 0.01
3 0.45875 0.5841666666666666 0.005 0.01
