2 0.54 0.27875 0.045 0.05416666666666667
2 0.7471875 0.2654166666666667 0.053125 0.06916666666666667
3 0.564375 0.04083333333333333 0.01125 0.011666666666666667
3 0.6534375 0.6604166666666667 0.011875 0.0175
3 0.304375 0.23833333333333334 0.0125 0.013333333333333334
3 0.838125 0.3566666666666667 0.01 0.011666666666666667
3 0.9371875 0.8083333333333333 0.010625 0.015
3 0.6696875 0.37833333333333335 0.014375 0.018333333333333333
3 0.925 0.5104166666666666 0.01125 0.0175
3 0.2559375 0.7545833333333334 0.013125 0.020833333333333332
3 0.545625 0.8583333333333333 0.0125 0.02
3 0.0725 0.7120833333333333 0.0075 0.009166666666666667
3 0.9296875 0.7241666666666666 0.005625 0.008333333333333333
3 0.8084375 0.15333333333333332 0.005625 0.008333333333333333
3 0.8490625 0.675 0.005625 0.006666666666666667
3 0.2340625 0.455 0.006875 0.008333333333333333
3 0.21625 0.4791666666666667 0.0075 0.01
3 0.734375 0.12583333333333332 0.01125 0.013333333333333334
3 0.32625 0.225 0.01 0.011666666666666667
3 0.4484375 0.7391666666666666 0.010625 0.015
3 0.096875 0.55875 0.01125 0.015833333333333335
3 0.0878125 0.7216666666666667 0.009375 0.013333333333333334
3 0.538125 0.3541666666666667 0.0125 0.016666666666666666
3 0.47625 0.44416666666666665 0.0125 0.016666666666666666
3 0.59375 0.38125 0.0075 0.010833333333333334
3 0.52 0.5516666666666666 0.01125 0.015
3 0.5415625 0.14666666666666667 0.010625 0.015
3 0.9225 0.7333333333333333 0.01125 0.015
3 0.0628125 0.20875 0.010625 0.014166666666666666
3 0.9109375 0.05583333333333333 0.010625 0.015
3 0.8815625 0.5883333333333334 0.011875 0.015
3 0.1128125 0.44708333333333333 0.013125 0.0175
3 0.415 0.8433333333333334 0.0125 0.016666666666666666
3 0.3684375 0.8695833333333334 0.010625 0.014166666666666666
3 0.209375 0.5458333333333333 0.0125 0.016666666666666666
3 0.5378125 0.22875 0.013125 0.0175
3 0.7578125 0.4554166666666667 0.011875 0.015833333333333335
4 0.729375 0.5216666666666666 0.02125 0.03333333333333333
4 0.46875 0.81625 0.02375 0.025833333333333333
4 0.6903125 0.9695833333333334 0.024375 0.0275
2 0.619375 0.7516666666666667 0.02375 0.055
2 0.23625 0.3675 0.04125 0.04
2 0.594375 0.37916666666666665 0.04125 0.03333333333333333
2 0.948125 0.76875 0.03 0.0375
2 0.7525 0.4354166666666667 0.02875 0.03916666666666667
2 0.2096875 0.78875 0.033125 0.029166666666666667
3 0.1121875 0.51125 0.009375 0.014166666666666666
3 0.2425 0.24333333333333335 0.01 0.011666666666666667
3 0.265 0.9383333333333334 0.01 0.013333333333333334
3 0.504375 0.37166666666666665 0.01 0.013333333333333334
3 0.986875 0.14875 0.0075 0.010833333333333334
3 0.94625 0.24833333333333332 0.01 0.013333333333333334
3 0.1925 0.08375 0.00875 0.0125
3 0.9471875 0.6245833333333334 0.011875 0.014166666666666666
3 0.8115625 0.34625 0.011875 0.015833333333333335
3 0.87375 0.7225 0.01 0.011666666666666667
3 0.3396875 0.3179166666666667 0.011875 0.014166666666666666
3 0.553125 0.21666666666666667 0.0125 0.016666666666666666
3 0.5884375 0.6454166666666666 0.006875 0.009166666666666667
3 0.189375 0.55 0.0075 0.01
3 0.6171875 0.41333333333333333 0.005625 0.008333333333333333
3 0.1765625 0.23208333333333334 0.008125 0.010833333333333334
3 0.698125 0.9420833333333334 0.0075 0.010833333333333334
3 0.7803125 0.7208333333333333 0.009375 0.013333333333333334
3 0.02125 0.8945833333333333 0.0075 0.010833333333333334
3 0.56375 0.73125 0.00875 0.010833333333333334
3 0.71875 0.785 0.01 0.013333333333333334
2 0.7515625 0.18416666666666667 0.013125 0.011666666666666667
2 0.6159375 0.85125 0.015625 0.019166666666666665
2 0.2103125 0.2520833333333333 0.010625 0.019166666666666665
2 0.8675 0.10125 0.01375 0.0125
3 0.350625 0.44625 0.0075 0.009166666666666667
3 0.85125 0.5816666666666667 0.01 0.013333333333333334
3 0.4734375 0.2816666666666667 0.008125 0.01
3 0.0565625 0.3645833333333333 0.008125 0.010833333333333334
3 0.2546875 0.10875 0.008125 0.010833333333333334
3 0.0384375 0.6670833333333334 0.005625 0.0075
3 0.6040625 0.20958333333333334 0.006875 0.009166666666666667
3 0.7465625 0.34375 0.010625 0.014166666666666666
3 0.0246875 0.53375 0.009375 0.0125
3 0.55375 0.465 0.0075 0.01
3 0.56125 0.745 0.00875 0.011666666666666667
3 0.6484375 0.6941666666666667 0.009375 0.011666666666666667
3 0.394375 0.5666666666666667 0.01 0.013333333333333334
3 0.951875 0.955 0.01 0.013333333333333334
3 0.5640625 0.31416666666666665 0.009375 0.011666666666666667
3 0.601875 0.5754166666666667 0.01 0.0125
3 0.968125 0.81375 0.00875 0.0125
3 0.9625 0.4683333333333333 0.01 0.013333333333333334
2 0.74125 0.4483333333333333 0.0275 0.025
2 0.9559375 0.44666666666666666 0.026875 0.028333333333333332
3 0.1475 0.38 0.01 0.011666666666666667
3 0.279375 0.6575 0.0125 0.016666666666666666
3 0.5325 0.44166666666666665 0.0125 0.016666666666666666
3 0.4528125 0.82125 0.010625 0.014166666666666666
3 0.105 0.8566666666666667 0.01 0.013333333333333334
3 0.5825 0.37416666666666665 0.01125 0.015
3 0.7053125 0.44875 0.010625 0.014166666666666666
3 0.2146875 0.5079166666666667 0.015625 0.0175
3 0.075625 0.4708333333333333 0.015 0.021666666666666667
3 0.369375 0.9054166666666666 0.01375 0.020833333333333332
2 0.8571875 0.6891666666666667 0.021875 0.02666666666666667
2 0.451875 0.21291666666666667 0.0275 0.035833333333333335
3 0.2325 0.48875 0.01375 0.0175
3 0.7503125 0.8583333333333333 0.013125 0.018333333333333333
3 0.0696875 0.11666666666666667 0.010625 0.015
3 0.02625 0.63 0.0125 0.018333333333333333
3 0.334375 0.6629166666666667 0.01375 0.0175
4 0.9078125 0.3883333333333333 0.014375 0.03666666666666667
4 0.475 0.5945833333333334 0.0275 0.019166666666666665
4 0.6696875 0.35583333333333333 0.020625 0.03833333333333333
4 0.9515625 0.12375 0.026875 0.019166666666666665
4 0.858125 0.5258333333333334 0.025 0.03166666666666667
4 0.5734375 0.7779166666666667 0.024375 0.020833333333333332
4 0.2896875 0.5245833333333333 0.025625 0.0275
4 0.73375 0.9295833333333333 0.02375 0.0325
3 0.0653125 0.5566666666666666 0.008125 0.011666666666666667
3 0.42625 0.5866666666666667 0.00875 0.011666666666666667
3 0.0509375 0.67125 0.009375 0.0125
3 0.25875 0.48541666666666666 0.00875 0.0125
3 0.641875 0.5591666666666667 0.00875 0.011666666666666667
3 0.494375 0.7483333333333333 0.00875 0.011666666666666667
3 0.715 0.6 0.00625 0.01
3 0.9209375 0.9708333333333333 0.008125 0.011666666666666667
3 0.02625 0.7270833333333333 0.0075 0.010833333333333334
3 0.04125 0.11458333333333333 0.0075 0.010833333333333334
3 0.2028125 0.4691666666666667 0.008125 0.01
3 0.381875 0.16416666666666666 0.00875 0.011666666666666667
3 0.741875 0.5716666666666667 0.00875 0.011666666666666667
3 0.379375 0.9708333333333333 0.00875 0.011666666666666667
4 0.396875 0.09 0.01625 0.02666666666666667
4 0.530625 0.20916666666666667 0.02125 0.028333333333333332
4 0.890625 0.42875 0.015 0.025833333333333333
3 0.8775 0.8933333333333333 0.01 0.013333333333333334
3 0.4534375 0.9841666666666666 0.009375 0.013333333333333334
3 0.6209375 0.6908333333333333 0.008125 0.01
3 0.95375 0.24666666666666667 0.00875 0.011666666666666667
3 0.68625 0.7958333333333333 0.0125 0.013333333333333334
3 0.8478125 0.88625 0.011875 0.0175
3 0.055 0.1325 0.01375 0.016666666666666666
3 0.1253125 0.6145833333333334 0.010625 0.0175
3 0.0821875 0.30791666666666667 0.009375 0.0125
3 0.5759375 0.15583333333333332 0.009375 0.013333333333333334
3 0.183125 0.6820833333333334 0.00875 0.0125
3 0.2134375 0.62 0.009375 0.011666666666666667
3 0.9284375 0.48625 0.008125 0.0125
3 0.701875 0.48375 0.01 0.0125
3 0.8496875 0.5370833333333334 0.006875 0.009166666666666667
3 0.6178125 0.8933333333333333 0.006875 0.008333333333333333
3 0.5825 0.10875 0.0075 0.009166666666666667
3 0.475 0.9308333333333333 0.0075 0.01
3 0.0603125 0.28708333333333336 0.006875 0.009166666666666667
3 0.623125 0.7591666666666667 0.00625 0.008333333333333333
3 0.55 0.9225 0.0075 0.01
3 0.5284375 0.5545833333333333 0.008125 0.010833333333333334
3 0.266875 0.9941666666666666 0.0075 0.01
3 0.238125 0.3325 0.0075 0.01
3 0.3025 0.7841666666666667 0.00625 0.008333333333333333
3 0.7721875 0.28291666666666665 0.006875 0.009166666666666667
3 0.62 0.9708333333333333 0.0075 0.01
3 0.98375 0.24666666666666667 0.0075 0.01
3 0.3434375 0.2658333333333333 0.009375 0.011666666666666667
3 0.823125 0.37958333333333333 0.00875 0.0125
3 0.423125 0.10208333333333333 0.00875 0.010833333333333334
3 0.039375 0.9904166666666666 0.00875 0.0125
3 0.8246875 0.45666666666666667 0.005625 0.01
3 0.553125 0.22583333333333333 0.00625 0.008333333333333333
3 0.799375 0.7166666666666667 0.00625 0.008333333333333333
3 0.440625 0.31833333333333336 0.00625 0.008333333333333333
3 0.115625 0.03333333333333333 0.0075 0.01
3 0.7303125 0.15875 0.006875 0.009166666666666667
3 0.388125 0.9670833333333333 0.01125 0.015833333333333335
3 0.7046875 0.09333333333333334 0.011875 0.016666666666666666
3 0.18125 0.6729166666666667 0.00625 0.009166666666666667
3 0.3996875 0.5054166666666666 0.006875 0.009166666666666667
3 0.2259375 0.8041666666666667 0.005625 0.008333333333333333
3 0.4865625 0.34 0.006875 0.008333333333333333
3 0.2078125 0.43 0.006875 0.008333333333333333
3 0.60125 0.42375 0.00625 0.009166666666666667
3 0.7115625 0.32 0.006875 0.008333333333333333
3 0.5675 0.64875 0.00375 0.0075
3 0.49875 0.7408333333333333 0.0075 0.01
3 0.3259375 0.08083333333333333 0.005625 0.006666666666666667
3 0.6590625 0.585 0.006875 0.01
3 0.646875 0.037083333333333336 0.005 0.0075
3 0.208125 0.8816666666666667 0.00375 0.006666666666666667
3 0.9321875 0.6633333333333333 0.005625 0.008333333333333333
3 0.619375 0.7245833333333334 0.00625 0.0075
3 0.3440625 0.08458333333333333 0.004375 0.0075
3 0.035625 0.8675 0.00625 0.008333333333333333
3 0.118125 0.6008333333333333 0.005 0.008333333333333333
3 0.145625 0.4075 0.00875 0.01
3 0.393125 0.8425 0.00875 0.01
3 0.550625 0.7683333333333333 0.00875 0.011666666666666667
3 0.304375 0.6075 0.0075 0.008333333333333333
3 0.191875 0.8495833333333334 0.00875 0.010833333333333334
3 0.6009375 0.9754166666666667 0.008125 0.009166666666666667
3 0.724375 0.30791666666666667 0.00875 0.010833333333333334
3 0.51625 0.885 0.00875 0.011666666666666667
3 0.0778125 0.7129166666666666 0.005625 0.009166666666666667
3 0.3196875 0.92375 0.006875 0.009166666666666667
3 0.11625 0.5808333333333333 0.00625 0.008333333333333333
3 0.0234375 0.5108333333333334 0.006875 0.008333333333333333
3 0.8215625 0.08083333333333333 0.005625 0.008333333333333333
3 0.02125 0.02125 0.00625 0.009166666666666667
3 0.7321875 0.34833333333333333 0.006875 0.01
3 0.1578125 0.74125 0.008125 0.009166666666666667
3 0.9771875 0.77 0.008125 0.011666666666666667
3 0.638125 0.2841666666666667 0.0075 0.011666666666666667
3 0.3171875 0.73625 0.009375 0.0125
3 0.2840625 0.4295833333333333 0.006875 0.010833333333333334
3 0.498125 0.7045833333333333 0.0075 0.009166666666666667
3 0.276875 0.2733333333333333 0.00875 0.011666666666666667
3 0.47875 0.8766666666666667 0.00625 0.01
3 0.9571875 0.47291666666666665 0.009375 0.0125
3 0.91 0.19083333333333333 0.00875 0.011666666666666667
3 0.42875 0.12375 0.0075 0.009166666666666667
3 0.2828125 0.3695833333333333 0.011875 0.015833333333333335
3 0.8359375 0.14041666666666666 0.011875 0.015833333333333335
3 0.53375 0.22166666666666668 0.01125 0.013333333333333334
3 0.5465625 0.32458333333333333 0.010625 0.015833333333333335
3 0.4821875 0.8445833333333334 0.009375 0.014166666666666666
3 0.3525 0.03166666666666667 0.005 0.01
3 0.9396875 0.08166666666666667 0.008125 0.011666666666666667
3 0.7265625 0.8741666666666666 0.008125 0.008333333333333333
3 0.409375 0.17583333333333334 0.00875 0.011666666666666667
3 0.7678125 0.058333333333333334 0.008125 0.011666666666666667
2 0.0559375 0.6716666666666666 0.019375 0.03333333333333333
2 0.3184375 0.46875 0.023125 0.0175
2 0.2840625 0.24 0.023125 0.03333333333333333
4 0.245625 0.4870833333333333 0.05875 0.07916666666666666
4 0.319375 0.7779166666666667 0.05875 0.07916666666666666
4 0.218125 0.9291666666666667 0.05375 0.06333333333333334
4 0.5834375 0.75 0.040625 0.065
3 0.3271875 0.5620833333333334 0.004375 0.0075
3 0.043125 0.1075 0.005 0.008333333333333333
3 0.5253125 0.6441666666666667 0.005625 0.006666666666666667
3 0.6790625 0.04666666666666667 0.006875 0.008333333333333333
3 0.7784375 0.46875 0.006875 0.009166666666666667
3 0.6046875 0.21916666666666668 0.006875 0.01
3 0.4278125 0.6783333333333333 0.006875 0.01
3 0.0190625 0.9816666666666667 0.009375 0.013333333333333334
3 0.054375 0.9316666666666666 0.01 0.011666666666666667
3 0.495 0.9358333333333333 0.00875 0.011666666666666667
3 0.4621875 0.7 0.008125 0.011666666666666667
2 0.934375 0.37916666666666665 0.02125 0.02
2 0.9215625 0.3954166666666667 0.020625 0.024166666666666666
2 0.8665625 0.525 0.011875 0.028333333333333332
2 0.4990625 0.5020833333333333 0.020625 0.024166666666666666
3 0.09625 0.31916666666666665 0.00875 0.01
3 0.131875 0.010416666666666666 0.0075 0.0075
3 0.2890625 0.25625 0.006875 0.009166666666666667
3 0.2740625 0.35291666666666666 0.005625 0.0075
3 0.4715625 0.58375 0.008125 0.010833333333333334
3 0.71375 0.4716666666666667 0.0075 0.01
3 0.0159375 0.7620833333333333 0.006875 0.009166666666666667
3 0.6571875 0.40708333333333335 0.006875 0.009166666666666667
3 0.3703125 0.09833333333333333 0.008125 0.011666666666666667
3 0.0371875 0.33916666666666667 0.008125 0.011666666666666667
3 0.724375 0.39375 0.00625 0.009166666666666667
3 0.75375 0.61375 0.00875 0.010833333333333334
3 0.211875 0.6675 0.01 0.015
3 0.4159375 0.16958333333333334 0.013125 0.0175
3 0.3140625 0.5083333333333333 0.010625 0.015
3 0.3053125 0.8454166666666667 0.010625 0.015833333333333335
3 0.0671875 0.4245833333333333 0.010625 0.015833333333333335
3 0.7471875 0.37875 0.013125 0.0175
3 0.6928125 0.5195833333333333 0.013125 0.019166666666666665
3 0.5028125 0.7575 0.009375 0.015
3 0.430625 0.09583333333333334 0.0125 0.018333333333333333
3 0.11125 0.25708333333333333 0.01375 0.0175
3 0.9028125 0.8229166666666666 0.014375 0.0175
3 0.205625 0.6629166666666667 0.01375 0.019166666666666665
3 0.4953125 0.39 0.010625 0.015
3 0.8809375 0.06208333333333333 0.008125 0.0125
3 0.8321875 0.4425 0.010625 0.015
3 0.4875 0.115 0.01125 0.015
3 0.13625 0.5983333333333334 0.01 0.013333333333333334
3 0.2696875 0.47708333333333336 0.010625 0.014166666666666666
3 0.7271875 0.26875 0.008125 0.010833333333333334
3 0.584375 0.04583333333333333 0.01 0.013333333333333334
3 0.518125 0.6058333333333333 0.01 0.013333333333333334
3 0.74625 0.05875 0.00625 0.0075
3 0.39 0.4691666666666667 0.00625 0.008333333333333333
3 0.95 0.87875 0.005 0.0075
3 0.790625 0.7466666666666667 0.0075 0.01
3 0.0828125 0.5045833333333334 0.005625 0.0075
3 0.87 0.165 0.00625 0.008333333333333333
3 0.3640625 0.22208333333333333 0.008125 0.010833333333333334
3 0.0146875 0.10708333333333334 0.008125 0.010833333333333334
3 0.8240625 0.13208333333333333 0.006875 0.009166666666666667
3 0.7515625 0.6708333333333333 0.005625 0.006666666666666667
3 0.308125 0.47375 0.005 0.005833333333333334
3 0.64 0.68375 0.005 0.005833333333333334
3 0.7028125 0.012083333333333333 0.005625 0.0075
3 0.0496875 0.7733333333333333 0.004375 0.005
3 0.7415625 0.65875 0.005625 0.0075
3 0.4315625 0.44625 0.006875 0.009166666666666667
3 0.13375 0.8608333333333333 0.00625 0.01
3 0.525 0.0475 0.00375 0.008333333333333333
3 0.4621875 0.5304166666666666 0.006875 0.005833333333333334
3 0.9534375 0.11375 0.006875 0.009166666666666667
3 0.6990625 0.27708333333333335 0.006875 0.009166666666666667
4 0.8228125 0.7470833333333333 0.011875 0.024166666666666666
4 0.4996875 0.38458333333333333 0.009375 0.024166666666666666
4 0.0778125 0.3720833333333333 0.041875 0.034166666666666665
4 0.9684375 0.67875 0.011875 0.05583333333333333
4 0.1646875 0.6483333333333333 0.015625 0.056666666666666664
4 0.9753125 0.7795833333333333 0.041875 0.015833333333333335
4 0.759375 0.5766666666666667 0.01125 0.055
0 0.5909375 0.8958333333333334 0.064375 0.075
0 0.9190625 0.3975 0.039375 0.07166666666666667
0 0.228125 0.0475 0.055 0.055
0 0.605625 0.09166666666666666 0.0525 0.08333333333333333
1 0.9775 0.19083333333333333 0.01875 0.025
1 0.3078125 0.7791666666666667 0.018125 0.023333333333333334
1 0.1640625 0.9745833333333334 0.018125 0.024166666666666666
1 0.9784375 0.76625 0.018125 0.024166666666666666
1 0.6196875 0.3275 0.015625 0.021666666666666667
1 0.213125 0.76875 0.0175 0.024166666666666666
1 0.170625 0.47 0.0125 0.013333333333333334
1 0.4584375 0.35291666666666666 0.013125 0.015833333333333335
1 0.6040625 0.5079166666666667 0.011875 0.0175
1 0.1125 0.05583333333333333 0.01375 0.023333333333333334
1 0.01875 0.015833333333333335 0.01625 0.023333333333333334
1 0.9303125 0.2125 0.024375 0.013333333333333334
1 0.0771875 0.6179166666666667 0.025625 0.0175
1 0.3134375 0.38416666666666666 0.011875 0.03333333333333333
1 0.0921875 0.1475 0.020625 0.035
1 0.1015625 0.08458333333333333 0.025625 0.019166666666666665
1 0.4490625 0.6679166666666667 0.015625 0.020833333333333332
1 0.664375 0.9858333333333333 0.015 0.02
0 0.3128125 0.48583333333333334 0.041875 0.056666666666666664
0 0.5153125 0.3179166666666667 0.035625 0.05416666666666667
0 0.6384375 0.48833333333333334 0.029375 0.04833333333333333
0 0.3253125 0.07916666666666666 0.034375 0.03666666666666667
0 0.645 0.9545833333333333 0.0425 0.0525
0 0.065625 0.5104166666666666 0.03875 0.04416666666666667
0 0.46625 0.7341666666666666 0.02 0.035
0 0.2734375 0.43666666666666665 0.020625 0.035
0 0.445625 0.23416666666666666 0.03 0.03833333333333333
0 0.5478125 0.8258333333333333 0.026875 0.028333333333333332
0 0.1740625 0.62375 0.026875 0.03916666666666667
