2 0.8195833333333333 0.4058333333333333 0.10083333333333333 0.06833333333333333
2 0.47041666666666665 0.32083333333333336 0.09416666666666666 0.185
2 0.5175 0.8683333333333333 0.06166666666666667 0.21
2 0.35583333333333333 0.7816666666666666 0.065 0.12333333333333334
2 0.5854166666666667 0.6283333333333333 0.04416666666666667 0.11666666666666667
2 0.43666666666666665 0.5341666666666667 0.058333333333333334 0.08833333333333333
2 0.6983333333333334 0.43 0.065 0.12333333333333334
2 0.2520833333333333 0.59 0.050833333333333335 0.08
2 0.8754166666666666 0.145 0.050833333333333335 0.08666666666666667
2 0.7158333333333333 0.0975 0.03166666666666667 0.09833333333333333
2 0.9545833333333333 0.6083333333333333 0.050833333333333335 0.07666666666666666
2 0.15375 0.16666666666666666 0.050833333333333335 0.08333333333333333
2 0.07625 0.1075 0.025833333333333333 0.095
2 0.43 0.6025 0.03333333333333333 0.065
2 0.89 0.9283333333333333 0.03166666666666667 0.06
2 0.1925 0.5125 0.023333333333333334 0.051666666666666666
2 0.22291666666666668 0.8216666666666667 0.0325 0.06333333333333334
2 0.33791666666666664 0.39666666666666667 0.0325 0.06666666666666667
2 0.07875 0.8016666666666666 0.029166666666666667 0.05333333333333334
2 0.8066666666666666 0.6741666666666667 0.035 0.041666666666666664
2 0.13666666666666666 0.5941666666666666 0.04 0.06833333333333333
2 0.3729166666666667 0.435 0.0375 0.05
2 0.825 0.8633333333333333 0.028333333333333332 0.06333333333333334
2 0.63 0.30416666666666664 0.03166666666666667 0.055
2 0.7141666666666666 0.9433333333333334 0.03166666666666667 0.05333333333333334
2 0.13416666666666666 0.3516666666666667 0.023333333333333334 0.06333333333333334
2 0.14666666666666667 0.9483333333333334 0.015 0.06333333333333334
2 0.1575 0.8975 0.02666666666666667 0.06166666666666667
2 0.29 0.78 0.02666666666666667 0.06
2 0.9383333333333334 0.125 0.011666666666666667 0.06
2 0.7658333333333334 0.30666666666666664 0.028333333333333332 0.05
2 0.7675 0.7625 0.028333333333333332 0.06166666666666667
2 0.85 0.49666666666666665 0.03 0.05333333333333334
2 0.25625 0.7125 0.0325 0.06166666666666667
2 0.4525 0.8191666666666667 0.02666666666666667 0.058333333333333334
2 0.8291666666666667 0.22333333333333333 0.043333333333333335 0.08333333333333333
2 0.24208333333333334 0.3566666666666667 0.0475 0.07
2 0.30333333333333334 0.31416666666666665 0.04833333333333333 0.025
2 0.7033333333333334 0.5625 0.05 0.041666666666666664
2 0.45708333333333334 0.175 0.0125 0.09666666666666666
2 0.11916666666666667 0.32416666666666666 0.03833333333333333 0.09166666666666666
2 0.23875 0.9508333333333333 0.050833333333333335 0.045
2 0.42791666666666667 0.15583333333333332 0.04583333333333333 0.07833333333333334
2 0.4033333333333333 0.14416666666666667 0.041666666666666664 0.08833333333333333
2 0.6379166666666667 0.7675 0.03916666666666667 0.09166666666666666
2 0.4429166666666667 0.8375 0.0225 0.10166666666666667
2 0.6458333333333334 0.7691666666666667 0.04833333333333333 0.07833333333333334
2 0.3875 0.3333333333333333 0.025 0.08666666666666667
2 0.9583333333333334 0.0475 0.04833333333333333 0.075
2 0.13833333333333334 0.8125 0.02666666666666667 0.04833333333333333
2 0.5470833333333334 0.25416666666666665 0.025833333333333333 0.041666666666666664
2 0.73125 0.07833333333333334 0.024166666666666666 0.03666666666666667
2 0.17416666666666666 0.07 0.02666666666666667 0.05333333333333334
2 0.5416666666666666 0.42916666666666664 0.025 0.03833333333333333
2 0.8325 0.38083333333333336 0.02 0.035
2 0.3491666666666667 0.8016666666666666 0.018333333333333333 0.023333333333333334
2 0.77875 0.895 0.04583333333333333 0.12666666666666668
2 0.5204166666666666 0.07583333333333334 0.0725 0.13833333333333334
2 0.8079166666666666 0.79 0.0725 0.13666666666666666
2 0.84375 0.29333333333333333 0.0575 0.14
2 0.37875 0.7841666666666667 0.020833333333333332 0.041666666666666664
2 0.6408333333333334 0.051666666666666666 0.02 0.04
2 0.6620833333333334 0.5675 0.020833333333333332 0.041666666666666664
2 0.8508333333333333 0.056666666666666664 0.02 0.04
2 0.33125 0.07416666666666667 0.019166666666666665 0.03833333333333333
2 0.31625 0.25416666666666665 0.020833333333333332 0.041666666666666664
2 0.9283333333333333 0.6 0.011666666666666667 0.02666666666666667
2 0.795 0.6858333333333333 0.013333333333333334 0.025
2 0.6758333333333333 0.015 0.013333333333333334 0.023333333333333334
3 0.8075 0.7125 0.015 0.03166666666666667
3 0.72125 0.058333333333333334 0.019166666666666665 0.04
3 0.22041666666666668 0.37583333333333335 0.015833333333333335 0.035
3 0.052083333333333336 0.9425 0.014166666666666666 0.03166666666666667
3 0.14083333333333334 0.6316666666666667 0.011666666666666667 0.02
3 0.7883333333333333 0.1675 0.011666666666666667 0.025
3 0.40208333333333335 0.5741666666666667 0.009166666666666667 0.021666666666666667
3 0.8395833333333333 0.11166666666666666 0.0125 0.02666666666666667
3 0.49375 0.5833333333333334 0.010833333333333334 0.023333333333333334
3 0.30916666666666665 0.8033333333333333 0.013333333333333334 0.02666666666666667
3 0.6979166666666666 0.5025 0.009166666666666667 0.018333333333333333
3 0.83375 0.4058333333333333 0.009166666666666667 0.018333333333333333
3 0.6929166666666666 0.48083333333333333 0.009166666666666667 0.018333333333333333
3 0.24458333333333335 0.04083333333333333 0.009166666666666667 0.018333333333333333
3 0.2520833333333333 0.03833333333333333 0.0075 0.016666666666666666
3 0.23125 0.17083333333333334 0.0075 0.011666666666666667
3 0.14833333333333334 0.36 0.006666666666666667 0.016666666666666666
3 0.004583333333333333 0.3541666666666667 0.009166666666666667 0.018333333333333333
3 0.14875 0.5108333333333334 0.009166666666666667 0.018333333333333333
3 0.7225 0.5133333333333333 0.008333333333333333 0.016666666666666666
3 0.28833333333333333 0.9466666666666667 0.008333333333333333 0.016666666666666666
3 0.9004166666666666 0.6108333333333333 0.010833333333333334 0.021666666666666667
3 0.10833333333333334 0.44333333333333336 0.01 0.02
3 0.7533333333333333 0.17833333333333334 0.01 0.02
3 0.08958333333333333 0.5508333333333333 0.010833333333333334 0.021666666666666667
3 0.6654166666666667 0.04833333333333333 0.0125 0.02
3 0.21208333333333335 0.39666666666666667 0.010833333333333334 0.02666666666666667
3 0.06208333333333333 0.49583333333333335 0.014166666666666666 0.03166666666666667
3 0.26458333333333334 0.3383333333333333 0.009166666666666667 0.016666666666666666
3 0.7470833333333333 0.6958333333333333 0.010833333333333334 0.021666666666666667
3 0.8675 0.7325 0.01 0.018333333333333333
3 0.12541666666666668 0.5041666666666667 0.010833333333333334 0.021666666666666667
3 0.42333333333333334 0.0975 0.008333333333333333 0.015
3 0.9316666666666666 0.15333333333333332 0.008333333333333333 0.02
3 0.81125 0.25333333333333335 0.0125 0.023333333333333334
3 0.36666666666666664 0.9691666666666666 0.011666666666666667 0.025
3 0.7879166666666667 0.4925 0.0125 0.021666666666666667
3 0.49125 0.4625 0.0125 0.025
3 0.47791666666666666 0.5683333333333334 0.0125 0.02666666666666667
3 0.8529166666666667 0.15833333333333333 0.0125 0.02666666666666667
3 0.405 0.43666666666666665 0.01 0.023333333333333334
3 0.7925 0.2866666666666667 0.008333333333333333 0.02
3 0.059166666666666666 0.6891666666666667 0.008333333333333333 0.015
3 0.02 0.42833333333333334 0.01 0.02
3 0.15666666666666668 0.6158333333333333 0.008333333333333333 0.015
3 0.12291666666666666 0.4175 0.009166666666666667 0.018333333333333333
3 0.585 0.3433333333333333 0.008333333333333333 0.016666666666666666
3 0.6725 0.08083333333333333 0.008333333333333333 0.018333333333333333
3 0.3883333333333333 0.29333333333333333 0.008333333333333333 0.016666666666666666
3 0.24291666666666667 0.4483333333333333 0.009166666666666667 0.016666666666666666
3 0.027916666666666666 0.023333333333333334 0.005833333333333334 0.013333333333333334
3 0.5233333333333333 0.8083333333333333 0.008333333333333333 0.016666666666666666
3 0.8179166666666666 0.3958333333333333 0.020833333333333332 0.041666666666666664
3 0.10958333333333334 0.3525 0.020833333333333332 0.041666666666666664
3 0.6954166666666667 0.08583333333333333 0.0175 0.035
3 0.4891666666666667 0.69 0.02 0.04
3 0.7125 0.049166666666666664 0.01 0.018333333333333333
3 0.27208333333333334 0.305 0.010833333333333334 0.02
3 0.45708333333333334 0.41 0.009166666666666667 0.02
3 0.44625 0.4675 0.0125 0.025
3 0.04083333333333333 0.5908333333333333 0.011666666666666667 0.021666666666666667
3 0.8920833333333333 0.4816666666666667 0.009166666666666667 0.016666666666666666
3 0.31625 0.835 0.0125 0.02666666666666667
3 0.35791666666666666 0.04416666666666667 0.009166666666666667 0.021666666666666667
3 0.4725 0.5133333333333333 0.01 0.023333333333333334
3 0.99125 0.8391666666666666 0.010833333333333334 0.021666666666666667
3 0.9458333333333333 0.014166666666666666 0.008333333333333333 0.018333333333333333
3 0.8816666666666667 0.7566666666666667 0.006666666666666667 0.016666666666666666
3 0.7145833333333333 0.6125 0.009166666666666667 0.018333333333333333
3 0.7245833333333334 0.8425 0.009166666666666667 0.018333333333333333
3 0.7366666666666667 0.71 0.01 0.023333333333333334
3 0.9270833333333334 0.31083333333333335 0.0125 0.021666666666666667
3 0.0125 0.94 0.008333333333333333 0.02
3 0.315 0.36333333333333334 0.01 0.016666666666666666
3 0.71125 0.17416666666666666 0.010833333333333334 0.021666666666666667
3 0.3983333333333333 0.8916666666666667 0.008333333333333333 0.016666666666666666
3 0.8208333333333333 0.8516666666666667 0.01 0.02
3 0.9254166666666667 0.9508333333333333 0.0075 0.015
3 0.6270833333333333 0.8725 0.0075 0.015
3 0.29833333333333334 0.9433333333333334 0.006666666666666667 0.013333333333333334
3 0.75125 0.07416666666666667 0.0075 0.015
2 0.06875 0.7891666666666667 0.0275 0.051666666666666666
2 0.08958333333333333 0.5275 0.0275 0.04833333333333333
2 0.9708333333333333 0.91 0.025 0.04
2 0.8254166666666667 0.11583333333333333 0.019166666666666665 0.045
2 0.9875 0.9783333333333334 0.021666666666666667 0.04
2 0.60375 0.6891666666666667 0.0175 0.045
2 0.8666666666666667 0.71 0.021666666666666667 0.03
2 0.9441666666666667 0.8916666666666667 0.021666666666666667 0.04
2 0.20958333333333334 0.9025 0.0225 0.03833333333333333
2 0.6845833333333333 0.3175 0.034166666666666665 0.075
2 0.0475 0.8283333333333334 0.03833333333333333 0.08
2 0.15833333333333333 0.12666666666666668 0.03833333333333333 0.07
2 0.14291666666666666 0.1875 0.04083333333333333 0.07833333333333334
2 0.5779166666666666 0.39166666666666666 0.0325 0.05333333333333334
2 0.05583333333333333 0.42083333333333334 0.03333333333333333 0.075
