2 0.69875 0.23083333333333333 0.04083333333333333 0.205
2 0.8754166666666666 0.6158333333333333 0.0425 0.205
2 0.94125 0.7891666666666667 0.0925 0.18833333333333332
2 0.92875 0.88 0.1025 0.15666666666666668
2 0.36333333333333334 0.30916666666666665 0.1 0.065
2 0.5741666666666667 0.6483333333333333 0.09833333333333333 0.17666666666666667
2 0.0775 0.05 0.06 0.09666666666666666
2 0.4716666666666667 0.25 0.06333333333333334 0.11
2 0.4175 0.49 0.04833333333333333 0.09666666666666666
2 0.6291666666666667 0.435 0.05 0.09
2 0.5733333333333334 0.3925 0.05 0.06833333333333333
2 0.34291666666666665 0.255 0.050833333333333335 0.08
2 0.23458333333333334 0.8908333333333334 0.0225 0.09166666666666666
2 0.15041666666666667 0.6366666666666667 0.025833333333333333 0.04666666666666667
2 0.0425 0.6733333333333333 0.03333333333333333 0.06666666666666667
2 0.93625 0.7333333333333333 0.0325 0.06666666666666667
2 0.9558333333333333 0.6525 0.028333333333333332 0.051666666666666666
2 0.6629166666666667 0.745 0.0325 0.06666666666666667
2 0.6554166666666666 0.12916666666666668 0.0275 0.07833333333333334
2 0.8966666666666666 0.10083333333333333 0.03833333333333333 0.07833333333333334
2 0.057916666666666665 0.7666666666666667 0.020833333333333332 0.06
2 0.5141666666666667 0.4083333333333333 0.028333333333333332 0.06333333333333334
2 0.4125 0.6958333333333333 0.03166666666666667 0.035
2 0.08 0.8583333333333333 0.03166666666666667 0.04666666666666667
2 0.21958333333333332 0.6991666666666667 0.030833333333333334 0.028333333333333332
2 0.6241666666666666 0.3458333333333333 0.03166666666666667 0.065
2 0.6166666666666667 0.5108333333333334 0.028333333333333332 0.06166666666666667
2 0.12583333333333332 0.39416666666666667 0.028333333333333332 0.06166666666666667
2 0.58 0.5625 0.03 0.055
2 0.24666666666666667 0.7016666666666667 0.03 0.06333333333333334
2 0.00875 0.5308333333333334 0.0175 0.09833333333333333
2 0.8595833333333334 0.05 0.035833333333333335 0.09333333333333334
2 0.9141666666666667 0.4825 0.04833333333333333 0.025
2 0.37916666666666665 0.8433333333333334 0.041666666666666664 0.08666666666666667
2 0.9341666666666667 0.8583333333333333 0.03833333333333333 0.09333333333333334
2 0.48291666666666666 0.3433333333333333 0.035833333333333335 0.09666666666666666
2 0.9425 0.6375 0.045 0.095
2 0.8125 0.7766666666666666 0.03666666666666667 0.09666666666666666
2 0.7575 0.345 0.04833333333333333 0.08
2 0.24375 0.645 0.0425 0.09666666666666666
2 0.13916666666666666 0.6183333333333333 0.023333333333333334 0.03333333333333333
2 0.77125 0.6766666666666666 0.024166666666666666 0.03666666666666667
2 0.19208333333333333 0.8175 0.019166666666666665 0.03833333333333333
2 0.24958333333333332 0.6833333333333333 0.0175 0.04
2 0.8020833333333334 0.39 0.0175 0.04
2 0.6320833333333333 0.11666666666666667 0.019166666666666665 0.02666666666666667
2 0.059583333333333335 0.9691666666666666 0.014166666666666666 0.03833333333333333
2 0.12208333333333334 0.15166666666666667 0.06416666666666666 0.09333333333333334
2 0.37125 0.855 0.0725 0.13333333333333333
2 0.9704166666666667 0.7083333333333334 0.049166666666666664 0.13
2 0.29041666666666666 0.31083333333333335 0.020833333333333332 0.041666666666666664
2 0.02875 0.7175 0.020833333333333332 0.041666666666666664
2 0.12958333333333333 0.05416666666666667 0.020833333333333332 0.041666666666666664
2 0.06708333333333333 0.5066666666666667 0.009166666666666667 0.02666666666666667
2 0.40708333333333335 0.4741666666666667 0.010833333333333334 0.028333333333333332
2 0.3675 0.9808333333333333 0.01 0.028333333333333332
2 0.4608333333333333 0.4125 0.013333333333333334 0.018333333333333333
2 0.04375 0.9491666666666667 0.014166666666666666 0.021666666666666667
2 0.015833333333333335 0.46416666666666667 0.006666666666666667 0.025
3 0.7741666666666667 0.765 0.02 0.04
3 0.83625 0.06166666666666667 0.019166666666666665 0.03666666666666667
3 0.04 0.8175 0.018333333333333333 0.03833333333333333
3 0.30583333333333335 0.10583333333333333 0.02 0.03833333333333333
3 0.8708333333333333 0.6875 0.018333333333333333 0.03833333333333333
3 0.20166666666666666 0.3358333333333333 0.018333333333333333 0.03833333333333333
3 0.41625 0.7441666666666666 0.010833333333333334 0.018333333333333333
3 0.42041666666666666 0.3325 0.010833333333333334 0.018333333333333333
3 0.93125 0.43916666666666665 0.009166666666666667 0.018333333333333333
3 0.9279166666666666 0.0575 0.009166666666666667 0.018333333333333333
3 0.6641666666666667 0.6975 0.008333333333333333 0.018333333333333333
3 0.7645833333333333 0.8591666666666666 0.009166666666666667 0.018333333333333333
3 0.22041666666666668 0.18333333333333332 0.0075 0.013333333333333334
3 0.735 0.71 0.006666666666666667 0.016666666666666666
3 0.36041666666666666 0.8941666666666667 0.009166666666666667 0.018333333333333333
3 0.3020833333333333 0.9458333333333333 0.009166666666666667 0.018333333333333333
3 0.7679166666666667 0.37083333333333335 0.009166666666666667 0.018333333333333333
3 0.7179166666666666 0.17416666666666666 0.0075 0.011666666666666667
3 0.33625 0.6358333333333334 0.0075 0.015
3 0.037083333333333336 0.30416666666666664 0.009166666666666667 0.018333333333333333
3 0.8658333333333333 0.7916666666666666 0.01 0.02
3 0.8029166666666666 0.09583333333333334 0.009166666666666667 0.018333333333333333
3 0.6091666666666666 0.2325 0.013333333333333334 0.021666666666666667
3 0.8 0.16916666666666666 0.015 0.03166666666666667
3 0.7475 0.745 0.013333333333333334 0.03
3 0.22875 0.2175 0.0125 0.028333333333333332
3 0.33125 0.33166666666666667 0.009166666666666667 0.016666666666666666
3 0.6016666666666667 0.6325 0.01 0.018333333333333333
3 0.32208333333333333 0.7175 0.010833333333333334 0.021666666666666667
3 0.46958333333333335 0.7433333333333333 0.0125 0.023333333333333334
3 0.07625 0.8516666666666667 0.0125 0.02666666666666667
3 0.19041666666666668 0.7083333333333334 0.0125 0.023333333333333334
3 0.96625 0.37 0.0125 0.02666666666666667
3 0.5195833333333333 0.15833333333333333 0.0125 0.02666666666666667
3 0.9325 0.655 0.01 0.023333333333333334
3 0.6483333333333333 0.20666666666666667 0.011666666666666667 0.02
3 0.7816666666666666 0.5958333333333333 0.013333333333333334 0.025
3 0.58375 0.3641666666666667 0.0125 0.025
3 0.4795833333333333 0.44333333333333336 0.0075 0.016666666666666666
3 0.07791666666666666 0.795 0.009166666666666667 0.016666666666666666
3 0.15291666666666667 0.7683333333333333 0.009166666666666667 0.016666666666666666
3 0.8016666666666666 0.43333333333333335 0.008333333333333333 0.016666666666666666
3 0.6875 0.1475 0.008333333333333333 0.018333333333333333
3 0.4816666666666667 0.41 0.008333333333333333 0.016666666666666666
3 0.59875 0.8158333333333333 0.009166666666666667 0.018333333333333333
3 0.6216666666666667 0.135 0.008333333333333333 0.016666666666666666
3 0.7275 0.6383333333333333 0.008333333333333333 0.016666666666666666
3 0.5333333333333333 0.8966666666666666 0.008333333333333333 0.016666666666666666
3 0.21041666666666667 0.23083333333333333 0.020833333333333332 0.041666666666666664
3 0.7033333333333334 0.31666666666666665 0.016666666666666666 0.03333333333333333
3 0.43583333333333335 0.9383333333333334 0.02 0.04
3 0.43875 0.7041666666666667 0.0125 0.025
3 0.8408333333333333 0.3825 0.011666666666666667 0.021666666666666667
3 0.3645833333333333 0.10166666666666667 0.0125 0.02666666666666667
3 0.5616666666666666 0.14 0.01 0.023333333333333334
3 0.91375 0.17583333333333334 0.010833333333333334 0.021666666666666667
3 0.7008333333333333 0.26916666666666667 0.008333333333333333 0.018333333333333333
3 0.405 0.9758333333333333 0.008333333333333333 0.018333333333333333
3 0.23291666666666666 0.36083333333333334 0.009166666666666667 0.018333333333333333
3 0.56625 0.2941666666666667 0.009166666666666667 0.018333333333333333
3 0.2808333333333333 0.8241666666666667 0.008333333333333333 0.018333333333333333
3 0.435 0.3475 0.011666666666666667 0.021666666666666667
3 0.48333333333333334 0.8341666666666666 0.01 0.021666666666666667
3 0.8970833333333333 0.25416666666666665 0.0125 0.025
3 0.8579166666666667 0.11583333333333333 0.010833333333333334 0.018333333333333333
3 0.6508333333333334 0.3641666666666667 0.011666666666666667 0.021666666666666667
3 0.23958333333333334 0.9758333333333333 0.0125 0.025
3 0.6229166666666667 0.17416666666666666 0.0125 0.021666666666666667
3 0.7204166666666667 0.9741666666666666 0.010833333333333334 0.025
3 0.8183333333333334 0.5758333333333333 0.011666666666666667 0.021666666666666667
3 0.09125 0.9575 0.010833333333333334 0.021666666666666667
3 0.54625 0.8625 0.010833333333333334 0.021666666666666667
3 0.6233333333333333 0.8283333333333334 0.006666666666666667 0.013333333333333334
3 0.7870833333333334 0.8575 0.0075 0.015
2 0.715 0.20083333333333334 0.02666666666666667 0.055
2 0.24375 0.8508333333333333 0.024166666666666666 0.055
2 0.6408333333333334 0.7641666666666667 0.025 0.055
2 0.8770833333333333 0.8191666666666667 0.025833333333333333 0.055
2 0.1275 0.4116666666666667 0.02 0.043333333333333335
2 0.8416666666666667 0.3425 0.021666666666666667 0.041666666666666664
2 0.29 0.041666666666666664 0.021666666666666667 0.04
2 0.7666666666666667 0.7808333333333334 0.018333333333333333 0.045
2 0.7370833333333333 0.4241666666666667 0.015833333333333335 0.045
2 0.25125 0.8791666666666667 0.0225 0.03833333333333333
2 0.31416666666666665 0.7191666666666666 0.03333333333333333 0.055
2 0.17125 0.28 0.0375 0.06666666666666667
2 0.97375 0.61 0.04083333333333333 0.08
2 0.06958333333333333 0.22083333333333333 0.04083333333333333 0.07833333333333334
