2 0.19833333333333333 0.4275 0.105 0.11166666666666666
2 0.8954166666666666 0.49083333333333334 0.0475 0.20833333333333334
2 0.3754166666666667 0.30666666666666664 0.08083333333333333 0.20333333333333334
2 0.6766666666666666 0.6733333333333333 0.09166666666666666 0.19
2 0.30583333333333335 0.31916666666666665 0.10166666666666667 0.16166666666666665
2 0.33916666666666667 0.2966666666666667 0.10166666666666667 0.16333333333333333
2 0.6458333333333334 0.335 0.056666666666666664 0.08333333333333333
2 0.5354166666666667 0.9275 0.0625 0.105
2 0.34833333333333333 0.08166666666666667 0.025 0.09333333333333334
2 0.0375 0.5625 0.05 0.06833333333333333
2 0.052083333333333336 0.4166666666666667 0.04583333333333333 0.1
2 0.23541666666666666 0.49416666666666664 0.050833333333333335 0.085
2 0.44083333333333335 0.05583333333333333 0.045 0.10166666666666667
2 0.8020833333333334 0.5608333333333333 0.029166666666666667 0.06166666666666667
2 0.05125 0.5958333333333333 0.024166666666666666 0.055
2 0.7608333333333334 0.9491666666666667 0.02666666666666667 0.058333333333333334
2 0.47375 0.7033333333333334 0.0325 0.06666666666666667
2 0.77 0.6975 0.03166666666666667 0.058333333333333334
2 0.9354166666666667 0.15166666666666667 0.0325 0.08
2 0.15833333333333333 0.37083333333333335 0.03833333333333333 0.07833333333333334
2 0.43375 0.4425 0.029166666666666667 0.07833333333333334
2 0.46416666666666667 0.6325 0.03666666666666667 0.045
2 0.7070833333333333 0.72 0.030833333333333334 0.08
2 0.8675 0.04083333333333333 0.03166666666666667 0.055
2 0.93375 0.8316666666666667 0.0275 0.06333333333333334
2 0.7591666666666667 0.7591666666666667 0.03 0.06166666666666667
2 0.25666666666666665 0.17 0.028333333333333332 0.06333333333333334
2 0.2704166666666667 0.6841666666666667 0.024166666666666666 0.06166666666666667
2 0.89 0.5875 0.016666666666666666 0.055
2 0.14583333333333334 0.31333333333333335 0.03166666666666667 0.03
2 0.5508333333333333 0.12833333333333333 0.03166666666666667 0.03666666666666667
2 0.945 0.48 0.03166666666666667 0.043333333333333335
2 0.6245833333333334 0.5016666666666667 0.020833333333333332 0.06333333333333334
2 0.3466666666666667 0.12083333333333333 0.03166666666666667 0.03833333333333333
2 0.74125 0.7108333333333333 0.025833333333333333 0.06166666666666667
2 0.29333333333333333 0.8591666666666666 0.02666666666666667 0.045
2 0.6658333333333334 0.5725 0.03166666666666667 0.065
2 0.2816666666666667 0.8466666666666667 0.025 0.056666666666666664
2 0.42625 0.7591666666666667 0.0325 0.065
2 0.17958333333333334 0.7258333333333333 0.0325 0.06166666666666667
2 0.28875 0.035 0.0325 0.06333333333333334
2 0.3016666666666667 0.6183333333333333 0.03333333333333333 0.09666666666666666
2 0.8729166666666667 0.5016666666666667 0.0375 0.09333333333333334
2 0.65875 0.2916666666666667 0.049166666666666664 0.06
2 0.5066666666666667 0.115 0.04833333333333333 0.06666666666666667
2 0.060833333333333336 0.6833333333333333 0.025 0.1
2 0.38666666666666666 0.31583333333333335 0.041666666666666664 0.085
2 0.4691666666666667 0.9141666666666667 0.043333333333333335 0.085
2 0.3925 0.275 0.03 0.1
2 0.10458333333333333 0.6741666666666667 0.029166666666666667 0.10166666666666667
2 0.10375 0.041666666666666664 0.050833333333333335 0.03
2 0.6354166666666666 0.31916666666666665 0.014166666666666666 0.10166666666666667
2 0.605 0.3333333333333333 0.043333333333333335 0.05
2 0.04083333333333333 0.2625 0.03 0.09166666666666666
2 0.6666666666666666 0.43166666666666664 0.04833333333333333 0.08666666666666667
2 0.7229166666666667 0.22916666666666666 0.0475 0.09166666666666666
2 0.9645833333333333 0.675 0.04416666666666667 0.09666666666666666
2 0.6275 0.11666666666666667 0.02666666666666667 0.05333333333333334
2 0.24875 0.6916666666666667 0.024166666666666666 0.05333333333333334
2 0.3770833333333333 0.40166666666666667 0.025833333333333333 0.05333333333333334
2 0.5458333333333333 0.1625 0.02666666666666667 0.051666666666666666
2 0.3441666666666667 0.8091666666666667 0.02666666666666667 0.051666666666666666
2 0.5825 0.21583333333333332 0.02 0.03166666666666667
2 0.04791666666666667 0.3883333333333333 0.0175 0.04
2 0.5233333333333333 0.9658333333333333 0.01 0.035
2 0.4 0.225 0.02 0.03666666666666667
2 0.15083333333333335 0.056666666666666664 0.018333333333333333 0.023333333333333334
2 0.12541666666666668 0.03333333333333333 0.019166666666666665 0.04
2 0.6141666666666666 0.26416666666666666 0.04666666666666667 0.12833333333333333
2 0.15625 0.2175 0.0525 0.135
2 0.5125 0.3175 0.065 0.09833333333333333
2 0.20125 0.565 0.0425 0.12333333333333334
2 0.8291666666666667 0.1925 0.056666666666666664 0.13833333333333334
2 0.425 0.8383333333333334 0.07166666666666667 0.14
2 0.16041666666666668 0.9308333333333333 0.020833333333333332 0.041666666666666664
2 0.9283333333333333 0.9566666666666667 0.02 0.04
2 0.94375 0.6491666666666667 0.020833333333333332 0.041666666666666664
2 0.8120833333333334 0.25833333333333336 0.009166666666666667 0.02666666666666667
2 0.4425 0.4683333333333333 0.013333333333333334 0.02
2 0.23 0.6641666666666667 0.013333333333333334 0.015
2 0.83625 0.6216666666666667 0.0075 0.02666666666666667
3 0.8604166666666667 0.755 0.0175 0.03666666666666667
3 0.0475 0.7633333333333333 0.02 0.04
3 0.032916666666666664 0.12 0.019166666666666665 0.03666666666666667
3 0.6366666666666667 0.135 0.02 0.04
3 0.38083333333333336 0.7075 0.013333333333333334 0.025
3 0.48041666666666666 0.12166666666666667 0.0125 0.023333333333333334
3 0.5804166666666667 0.4891666666666667 0.009166666666666667 0.018333333333333333
3 0.5604166666666667 0.5458333333333333 0.009166666666666667 0.018333333333333333
3 0.057916666666666665 0.3358333333333333 0.009166666666666667 0.018333333333333333
3 0.6041666666666666 0.535 0.006666666666666667 0.016666666666666666
3 0.5820833333333333 0.6933333333333334 0.0075 0.016666666666666666
3 0.52875 0.44333333333333336 0.009166666666666667 0.016666666666666666
3 0.21958333333333332 0.44083333333333335 0.009166666666666667 0.018333333333333333
3 0.5154166666666666 0.08083333333333333 0.009166666666666667 0.018333333333333333
3 0.06875 0.1975 0.009166666666666667 0.018333333333333333
3 0.35 0.3883333333333333 0.006666666666666667 0.016666666666666666
3 0.44208333333333333 0.44083333333333335 0.009166666666666667 0.018333333333333333
3 0.45 0.37 0.01 0.02
3 0.44208333333333333 0.05583333333333333 0.0075 0.015
3 0.06625 0.17416666666666666 0.010833333333333334 0.021666666666666667
3 0.4633333333333333 0.63 0.01 0.02
3 0.18791666666666668 0.23083333333333333 0.015833333333333335 0.03166666666666667
3 0.6629166666666667 0.7458333333333333 0.015833333333333335 0.03166666666666667
3 0.975 0.595 0.011666666666666667 0.02666666666666667
3 0.6845833333333333 0.4975 0.014166666666666666 0.025
3 0.705 0.44666666666666666 0.008333333333333333 0.016666666666666666
3 0.68375 0.5075 0.010833333333333334 0.021666666666666667
3 0.8908333333333334 0.285 0.008333333333333333 0.016666666666666666
3 0.73 0.44166666666666665 0.011666666666666667 0.02
3 0.9504166666666667 0.7125 0.0125 0.021666666666666667
3 0.9579166666666666 0.8091666666666667 0.0125 0.025
3 0.13541666666666666 0.795 0.0125 0.023333333333333334
3 0.11083333333333334 0.6625 0.011666666666666667 0.025
3 0.6841666666666667 0.8416666666666667 0.008333333333333333 0.02
3 0.82125 0.27 0.010833333333333334 0.023333333333333334
3 0.82 0.8708333333333333 0.01 0.018333333333333333
3 0.88 0.8383333333333334 0.01 0.02
3 0.7291666666666666 0.135 0.01 0.02
3 0.8883333333333333 0.2025 0.006666666666666667 0.015
3 0.6354166666666666 0.615 0.0075 0.013333333333333334
3 0.39416666666666667 0.5066666666666667 0.018333333333333333 0.03666666666666667
3 0.04 0.26666666666666666 0.016666666666666666 0.03333333333333333
3 0.345 0.38666666666666666 0.018333333333333333 0.03666666666666667
3 0.575 0.425 0.018333333333333333 0.03666666666666667
3 0.06375 0.48083333333333333 0.020833333333333332 0.041666666666666664
3 0.2504166666666667 0.4508333333333333 0.020833333333333332 0.041666666666666664
3 0.48333333333333334 0.8041666666666667 0.011666666666666667 0.025
3 0.18708333333333332 0.17083333333333334 0.0125 0.025
3 0.9216666666666666 0.06166666666666667 0.011666666666666667 0.023333333333333334
3 0.9945833333333334 0.6083333333333333 0.010833333333333334 0.02
3 0.6466666666666666 0.6816666666666666 0.013333333333333334 0.02666666666666667
3 0.4295833333333333 0.6808333333333333 0.009166666666666667 0.021666666666666667
3 0.6129166666666667 0.875 0.0125 0.023333333333333334
3 0.6670833333333334 0.8166666666666667 0.010833333333333334 0.023333333333333334
3 0.8733333333333333 0.6116666666666667 0.01 0.023333333333333334
3 0.7008333333333333 0.3908333333333333 0.01 0.018333333333333333
3 0.35208333333333336 0.7216666666666667 0.009166666666666667 0.02
3 0.6504166666666666 0.36083333333333334 0.009166666666666667 0.018333333333333333
3 0.80375 0.25083333333333335 0.009166666666666667 0.018333333333333333
3 0.18416666666666667 0.5841666666666666 0.008333333333333333 0.018333333333333333
3 0.5566666666666666 0.30916666666666665 0.013333333333333334 0.025
3 0.26875 0.6275 0.009166666666666667 0.021666666666666667
3 0.32125 0.9533333333333334 0.0125 0.02666666666666667
3 0.46166666666666667 0.8775 0.011666666666666667 0.021666666666666667
3 0.7983333333333333 0.5133333333333333 0.01 0.023333333333333334
3 0.335 0.1825 0.011666666666666667 0.025
3 0.93875 0.7791666666666667 0.010833333333333334 0.018333333333333333
3 0.2 0.6141666666666666 0.008333333333333333 0.021666666666666667
3 0.19041666666666668 0.7091666666666666 0.0125 0.025
3 0.05875 0.6708333333333333 0.010833333333333334 0.021666666666666667
3 0.73875 0.14666666666666667 0.009166666666666667 0.02
3 0.93625 0.6983333333333334 0.005833333333333334 0.013333333333333334
3 0.7883333333333333 0.4891666666666667 0.006666666666666667 0.011666666666666667
3 0.9366666666666666 0.6358333333333334 0.006666666666666667 0.015
2 0.28791666666666665 0.2425 0.025833333333333333 0.055
2 0.8604166666666667 0.15 0.0275 0.05333333333333334
2 0.3725 0.375 0.025 0.04
2 0.3 0.665 0.021666666666666667 0.02666666666666667
2 0.46458333333333335 0.4633333333333333 0.014166666666666666 0.043333333333333335
2 0.9054166666666666 0.7608333333333334 0.03916666666666667 0.08166666666666667
2 0.42375 0.82 0.04083333333333333 0.08
2 0.5404166666666667 0.14583333333333334 0.035833333333333335 0.07833333333333334
2 0.675 0.7475 0.04 0.08166666666666667
2 0.66375 0.9308333333333333 0.03916666666666667 0.07166666666666667
