2 0.56125 0.6591666666666667 0.035833333333333335 0.20166666666666666
2 0.84375 0.5125 0.0975 0.17833333333333334
2 0.5391666666666667 0.9083333333333333 0.065 0.12666666666666668
2 0.32875 0.7366666666666667 0.05416666666666667 0.07666666666666666
2 0.2225 0.06166666666666667 0.056666666666666664 0.08333333333333333
2 0.34208333333333335 0.4125 0.059166666666666666 0.09166666666666666
2 0.41375 0.5783333333333334 0.0625 0.13
2 0.51625 0.84 0.0375 0.10666666666666667
2 0.8004166666666667 0.39666666666666667 0.050833333333333335 0.08333333333333333
2 0.29125 0.9041666666666667 0.050833333333333335 0.085
2 0.83625 0.535 0.024166666666666666 0.09333333333333334
2 0.5604166666666667 0.4608333333333333 0.0475 0.09833333333333333
2 0.8066666666666666 0.6908333333333333 0.03333333333333333 0.065
2 0.6670833333333334 0.34 0.029166666666666667 0.06333333333333334
2 0.5316666666666666 0.9316666666666666 0.03166666666666667 0.06
2 0.6383333333333333 0.8583333333333333 0.028333333333333332 0.05
2 0.08208333333333333 0.885 0.0325 0.06333333333333334
2 0.09333333333333334 0.6733333333333333 0.03666666666666667 0.08
2 0.46958333333333335 0.845 0.0375 0.05
2 0.09916666666666667 0.575 0.016666666666666666 0.056666666666666664
2 0.8770833333333333 0.115 0.0175 0.056666666666666664
2 0.7525 0.2708333333333333 0.03 0.06166666666666667
2 0.48541666666666666 0.5108333333333334 0.030833333333333334 0.06166666666666667
2 0.5820833333333333 0.8033333333333333 0.010833333333333334 0.06
2 0.2704166666666667 0.5241666666666667 0.014166666666666666 0.06166666666666667
2 0.18375 0.3908333333333333 0.029166666666666667 0.051666666666666666
2 0.5445833333333333 0.14083333333333334 0.0325 0.065
2 0.7391666666666666 0.3225 0.043333333333333335 0.08166666666666667
2 0.25416666666666665 0.1 0.03666666666666667 0.09333333333333334
2 0.0525 0.25583333333333336 0.03833333333333333 0.09166666666666666
2 0.7570833333333333 0.35583333333333333 0.0475 0.06833333333333333
2 0.18291666666666667 0.215 0.049166666666666664 0.05333333333333334
2 0.8204166666666667 0.7133333333333334 0.0375 0.09333333333333334
2 0.10458333333333333 0.8416666666666667 0.050833333333333335 0.03333333333333333
2 0.09416666666666666 0.5525 0.03666666666666667 0.095
2 0.03875 0.5866666666666667 0.050833333333333335 0.04
2 0.8675 0.7225 0.025 0.10166666666666667
2 0.49125 0.37666666666666665 0.034166666666666665 0.09666666666666666
2 0.3745833333333333 0.445 0.050833333333333335 0.04
2 0.14583333333333334 0.5358333333333334 0.03 0.09166666666666666
2 0.9658333333333333 0.955 0.04833333333333333 0.08
2 0.4395833333333333 0.4125 0.0475 0.09166666666666666
2 0.19541666666666666 0.16166666666666665 0.0425 0.09666666666666666
2 0.05625 0.6416666666666667 0.025833333333333333 0.05333333333333334
2 0.94 0.20833333333333334 0.02666666666666667 0.05333333333333334
2 0.8266666666666667 0.2683333333333333 0.02666666666666667 0.05
2 0.034583333333333334 0.5666666666666667 0.019166666666666665 0.05
2 0.25333333333333335 0.7191666666666666 0.013333333333333334 0.03833333333333333
2 0.8254166666666667 0.16416666666666666 0.014166666666666666 0.03833333333333333
2 0.9283333333333333 0.555 0.02 0.03666666666666667
2 0.5216666666666666 0.5258333333333334 0.07166666666666667 0.125
2 0.25625 0.3516666666666667 0.07083333333333333 0.12
2 0.9458333333333333 0.4275 0.06 0.08166666666666667
2 0.9575 0.885 0.07166666666666667 0.12666666666666668
2 0.28583333333333333 0.5908333333333333 0.065 0.145
2 0.4525 0.5491666666666667 0.056666666666666664 0.13833333333333334
2 0.17833333333333334 0.8583333333333333 0.018333333333333333 0.03666666666666667
2 0.61625 0.6275 0.020833333333333332 0.041666666666666664
2 0.3675 0.7183333333333334 0.015 0.03
2 0.45458333333333334 0.5691666666666667 0.020833333333333332 0.041666666666666664
2 0.1 0.7383333333333333 0.018333333333333333 0.03666666666666667
2 0.12041666666666667 0.5841666666666666 0.014166666666666666 0.021666666666666667
2 0.06416666666666666 0.9125 0.006666666666666667 0.025
2 0.5983333333333334 0.3016666666666667 0.008333333333333333 0.02666666666666667
2 0.235 0.65 0.013333333333333334 0.02666666666666667
3 0.62125 0.5358333333333334 0.014166666666666666 0.03166666666666667
3 0.32083333333333336 0.8416666666666667 0.015 0.03333333333333333
3 0.06458333333333334 0.7508333333333334 0.015833333333333335 0.028333333333333332
3 0.10083333333333333 0.4725 0.016666666666666666 0.03166666666666667
3 0.2975 0.24833333333333332 0.016666666666666666 0.03
3 0.44666666666666666 0.7041666666666667 0.013333333333333334 0.025
3 0.05541666666666667 0.25833333333333336 0.0125 0.02666666666666667
3 0.2941666666666667 0.315 0.01 0.023333333333333334
3 0.12583333333333332 0.09916666666666667 0.011666666666666667 0.025
3 0.5 0.9075 0.013333333333333334 0.025
3 0.7495833333333334 0.5325 0.010833333333333334 0.025
3 0.5654166666666667 0.7933333333333333 0.009166666666666667 0.016666666666666666
3 0.05 0.385 0.006666666666666667 0.016666666666666666
3 0.7179166666666666 0.06416666666666666 0.009166666666666667 0.018333333333333333
3 0.47541666666666665 0.5625 0.0075 0.011666666666666667
3 0.60625 0.9608333333333333 0.0075 0.011666666666666667
3 0.27541666666666664 0.5191666666666667 0.009166666666666667 0.015
3 0.87375 0.605 0.009166666666666667 0.016666666666666666
3 0.6395833333333333 0.5908333333333333 0.009166666666666667 0.018333333333333333
3 0.8641666666666666 0.4716666666666667 0.01 0.02
3 0.14208333333333334 0.5791666666666667 0.010833333333333334 0.021666666666666667
3 0.76875 0.8258333333333333 0.009166666666666667 0.018333333333333333
3 0.33916666666666667 0.6816666666666666 0.008333333333333333 0.016666666666666666
3 0.61125 0.19583333333333333 0.015833333333333335 0.03166666666666667
3 0.06666666666666667 0.72 0.013333333333333334 0.03
3 0.0675 0.5091666666666667 0.01 0.018333333333333333
3 0.052083333333333336 0.5341666666666667 0.010833333333333334 0.021666666666666667
3 0.09125 0.17583333333333334 0.010833333333333334 0.021666666666666667
3 0.14333333333333334 0.81 0.01 0.02
3 0.89875 0.6625 0.010833333333333334 0.021666666666666667
3 0.18625 0.3075 0.010833333333333334 0.021666666666666667
3 0.44 0.3333333333333333 0.01 0.016666666666666666
3 0.6291666666666667 0.6175 0.011666666666666667 0.025
3 0.6470833333333333 0.6925 0.010833333333333334 0.025
3 0.14291666666666666 0.44166666666666665 0.0125 0.02666666666666667
3 0.9433333333333334 0.7091666666666666 0.011666666666666667 0.025
3 0.90125 0.18333333333333332 0.0125 0.023333333333333334
3 0.7220833333333333 0.8291666666666667 0.0125 0.025
3 0.25333333333333335 0.4925 0.013333333333333334 0.025
3 0.9829166666666667 0.35333333333333333 0.0125 0.02666666666666667
3 0.72375 0.52 0.009166666666666667 0.02
3 0.84125 0.6325 0.009166666666666667 0.018333333333333333
3 0.89875 0.8775 0.009166666666666667 0.018333333333333333
3 0.17 0.8391666666666666 0.006666666666666667 0.015
3 0.2633333333333333 0.48833333333333334 0.008333333333333333 0.016666666666666666
3 0.9120833333333334 0.59 0.0075 0.013333333333333334
3 0.4175 0.2808333333333333 0.006666666666666667 0.015
3 0.9716666666666667 0.1225 0.008333333333333333 0.018333333333333333
3 0.35083333333333333 0.7491666666666666 0.008333333333333333 0.018333333333333333
3 0.4608333333333333 0.10583333333333333 0.008333333333333333 0.015
3 0.6895833333333333 0.5591666666666667 0.020833333333333332 0.041666666666666664
3 0.24416666666666667 0.9483333333333334 0.02 0.04
3 0.9220833333333334 0.3225 0.020833333333333332 0.041666666666666664
3 0.22541666666666665 0.43416666666666665 0.010833333333333334 0.021666666666666667
3 0.60375 0.1325 0.0125 0.025
3 0.9133333333333333 0.16583333333333333 0.011666666666666667 0.025
3 0.6779166666666666 0.15916666666666668 0.0125 0.025
3 0.2375 0.0575 0.011666666666666667 0.025
3 0.8529166666666667 0.9458333333333333 0.0125 0.025
3 0.42541666666666667 0.6125 0.010833333333333334 0.025
3 0.7229166666666667 0.13833333333333334 0.009166666666666667 0.016666666666666666
3 0.4216666666666667 0.41583333333333333 0.01 0.021666666666666667
3 0.9770833333333333 0.6866666666666666 0.010833333333333334 0.02
3 0.7470833333333333 0.30083333333333334 0.009166666666666667 0.018333333333333333
3 0.5416666666666666 0.185 0.006666666666666667 0.016666666666666666
3 0.9795833333333334 0.7066666666666667 0.009166666666666667 0.016666666666666666
3 0.755 0.755 0.008333333333333333 0.013333333333333334
3 0.41083333333333333 0.665 0.01 0.016666666666666666
3 0.655 0.36666666666666664 0.011666666666666667 0.02
3 0.8508333333333333 0.35333333333333333 0.008333333333333333 0.02
3 0.98625 0.5316666666666666 0.010833333333333334 0.023333333333333334
3 0.1325 0.5091666666666667 0.013333333333333334 0.025
3 0.6695833333333333 0.42083333333333334 0.010833333333333334 0.025
3 0.55625 0.2175 0.010833333333333334 0.025
3 0.3179166666666667 0.5358333333333334 0.010833333333333334 0.018333333333333333
3 0.8533333333333334 0.27 0.01 0.023333333333333334
3 0.74625 0.06416666666666666 0.010833333333333334 0.018333333333333333
3 0.8845833333333334 0.6575 0.010833333333333334 0.021666666666666667
3 0.027916666666666666 0.16916666666666666 0.010833333333333334 0.021666666666666667
3 0.8495833333333334 0.9083333333333333 0.005833333333333334 0.013333333333333334
3 0.7841666666666667 0.6841666666666667 0.006666666666666667 0.011666666666666667
3 0.07083333333333333 0.57 0.006666666666666667 0.013333333333333334
3 0.15375 0.3016666666666667 0.0075 0.013333333333333334
2 0.54625 0.2633333333333333 0.0275 0.05333333333333334
2 0.54625 0.9141666666666667 0.025833333333333333 0.055
2 0.19458333333333333 0.19083333333333333 0.0225 0.035
2 0.03625 0.4725 0.019166666666666665 0.045
2 0.11625 0.7116666666666667 0.0225 0.03666666666666667
2 0.86375 0.045 0.020833333333333332 0.043333333333333335
2 0.6125 0.86 0.03333333333333333 0.056666666666666664
2 0.17791666666666667 0.6733333333333333 0.0275 0.06666666666666667
2 0.15916666666666668 0.49083333333333334 0.03833333333333333 0.06833333333333333
2 0.8858333333333334 0.12416666666666666 0.04 0.08166666666666667
