2 0.8970833333333333 0.6275 0.0475 0.20833333333333334
2 0.52625 0.3541666666666667 0.09916666666666667 0.175
2 0.059583333333333335 0.8133333333333334 0.03916666666666667 0.11
2 0.3491666666666667 0.11 0.055 0.08
2 0.7929166666666667 0.18 0.0625 0.13
2 0.23208333333333334 0.38333333333333336 0.0575 0.08666666666666667
2 0.8841666666666667 0.5333333333333333 0.065 0.12666666666666668
2 0.09125 0.04583333333333333 0.050833333333333335 0.07833333333333334
2 0.8841666666666667 0.7975 0.03166666666666667 0.09833333333333333
2 0.46708333333333335 0.7816666666666666 0.0275 0.06
2 0.9504166666666667 0.255 0.029166666666666667 0.05333333333333334
2 0.5383333333333333 0.22416666666666665 0.028333333333333332 0.051666666666666666
2 0.62125 0.7008333333333333 0.0325 0.065
2 0.24041666666666667 0.1275 0.024166666666666666 0.055
2 0.09958333333333333 0.5958333333333333 0.03916666666666667 0.055
2 0.4295833333333333 0.455 0.0325 0.08
2 0.2025 0.9066666666666666 0.028333333333333332 0.06333333333333334
2 0.34041666666666665 0.33416666666666667 0.030833333333333334 0.045
2 0.5525 0.6408333333333334 0.03 0.06166666666666667
2 0.37041666666666667 0.15666666666666668 0.024166666666666666 0.06333333333333334
2 0.8216666666666667 0.3375 0.03 0.055
2 0.42583333333333334 0.9358333333333333 0.025 0.06166666666666667
2 0.8958333333333334 0.7275 0.028333333333333332 0.058333333333333334
2 0.6191666666666666 0.14666666666666667 0.03166666666666667 0.03333333333333333
2 0.56125 0.635 0.019166666666666665 0.06333333333333334
2 0.5179166666666667 0.4533333333333333 0.030833333333333334 0.056666666666666664
2 0.7970833333333334 0.2825 0.029166666666666667 0.06166666666666667
2 0.64375 0.0875 0.030833333333333334 0.055
2 0.37916666666666665 0.6241666666666666 0.028333333333333332 0.09833333333333333
2 0.10958333333333334 0.8333333333333334 0.03916666666666667 0.09
2 0.6733333333333333 0.565 0.03166666666666667 0.09666666666666666
2 0.13208333333333333 0.45916666666666667 0.014166666666666666 0.10166666666666667
2 0.6604166666666667 0.8875 0.020833333333333332 0.10166666666666667
2 0.445 0.59 0.043333333333333335 0.09666666666666666
2 0.21916666666666668 0.9575 0.04833333333333333 0.07833333333333334
2 0.14416666666666667 0.8275 0.045 0.055
2 0.5525 0.9183333333333333 0.03333333333333333 0.09333333333333334
2 0.7683333333333333 0.4191666666666667 0.02 0.051666666666666666
2 0.9104166666666667 0.19166666666666668 0.025833333333333333 0.05333333333333334
2 0.795 0.6266666666666667 0.025 0.04
2 0.6183333333333333 0.9783333333333334 0.023333333333333334 0.03333333333333333
2 0.7341666666666666 0.3475 0.02666666666666667 0.045
2 0.21791666666666668 0.5725 0.0125 0.03833333333333333
2 0.62375 0.2841666666666667 0.019166666666666665 0.025
2 0.5483333333333333 0.715 0.02 0.03333333333333333
2 0.06 0.17333333333333334 0.02 0.03
2 0.29041666666666666 0.5975 0.019166666666666665 0.03833333333333333
2 0.55875 0.5716666666666667 0.019166666666666665 0.02666666666666667
2 0.7154166666666667 0.2816666666666667 0.0725 0.13666666666666666
2 0.5441666666666667 0.6325 0.07 0.115
2 0.7125 0.5058333333333334 0.05 0.13166666666666665
2 0.74375 0.3425 0.0175 0.035
2 0.8654166666666666 0.7608333333333334 0.0175 0.035
2 0.4141666666666667 0.35083333333333333 0.013333333333333334 0.015
2 0.7066666666666667 0.7875 0.013333333333333334 0.025
2 0.5154166666666666 0.9033333333333333 0.014166666666666666 0.02
3 0.11708333333333333 0.36 0.019166666666666665 0.04
3 0.3225 0.6041666666666666 0.02 0.03833333333333333
3 0.2175 0.6333333333333333 0.011666666666666667 0.02
3 0.5820833333333333 0.165 0.0125 0.023333333333333334
3 0.6133333333333333 0.015833333333333335 0.011666666666666667 0.025
3 0.29291666666666666 0.9241666666666667 0.005833333333333334 0.015
3 0.44625 0.3675 0.009166666666666667 0.018333333333333333
3 0.49166666666666664 0.05416666666666667 0.008333333333333333 0.015
3 0.16291666666666665 0.9375 0.009166666666666667 0.018333333333333333
3 0.8670833333333333 0.45 0.0075 0.016666666666666666
3 0.62875 0.9541666666666667 0.0075 0.011666666666666667
3 0.5241666666666667 0.02666666666666667 0.01 0.02
3 0.39416666666666667 0.23333333333333334 0.008333333333333333 0.016666666666666666
3 0.4870833333333333 0.5941666666666666 0.009166666666666667 0.018333333333333333
3 0.9808333333333333 0.85 0.01 0.02
3 0.7616666666666667 0.875 0.01 0.02
3 0.6041666666666666 0.11666666666666667 0.011666666666666667 0.02666666666666667
3 0.7370833333333333 0.655 0.015833333333333335 0.03
3 0.10625 0.31166666666666665 0.015833333333333335 0.03
3 0.5620833333333334 0.20416666666666666 0.015833333333333335 0.03166666666666667
3 0.8504166666666667 0.8591666666666666 0.010833333333333334 0.021666666666666667
3 0.8229166666666666 0.7983333333333333 0.009166666666666667 0.016666666666666666
3 0.5604166666666667 0.15083333333333335 0.010833333333333334 0.021666666666666667
3 0.64125 0.056666666666666664 0.009166666666666667 0.02
3 0.3625 0.845 0.011666666666666667 0.02
3 0.6070833333333333 0.24833333333333332 0.0125 0.02666666666666667
3 0.07166666666666667 0.16416666666666666 0.013333333333333334 0.025
3 0.48625 0.88 0.010833333333333334 0.023333333333333334
3 0.49083333333333334 0.5341666666666667 0.011666666666666667 0.021666666666666667
3 0.6316666666666667 0.5333333333333333 0.01 0.02
3 0.38916666666666666 0.0975 0.008333333333333333 0.018333333333333333
3 0.49 0.16833333333333333 0.01 0.02
3 0.28958333333333336 0.645 0.0075 0.016666666666666666
3 0.15375 0.4025 0.0075 0.015
3 0.39208333333333334 0.34 0.005833333333333334 0.013333333333333334
3 0.46708333333333335 0.5891666666666666 0.0075 0.015
3 0.10416666666666667 0.07916666666666666 0.008333333333333333 0.018333333333333333
3 0.8816666666666667 0.7241666666666666 0.006666666666666667 0.015
3 0.5370833333333334 0.4175 0.0175 0.035
3 0.9270833333333334 0.8075 0.019166666666666665 0.03833333333333333
3 0.9375 0.9333333333333333 0.018333333333333333 0.03666666666666667
3 0.5279166666666667 0.17583333333333334 0.020833333333333332 0.041666666666666664
3 0.87375 0.43833333333333335 0.009166666666666667 0.016666666666666666
3 0.6395833333333333 0.06 0.009166666666666667 0.02
3 0.4795833333333333 0.15916666666666668 0.0125 0.025
3 0.4075 0.6183333333333333 0.011666666666666667 0.02
3 0.08333333333333333 0.09916666666666667 0.013333333333333334 0.025
3 0.10291666666666667 0.31583333333333335 0.0125 0.025
3 0.895 0.2808333333333333 0.008333333333333333 0.018333333333333333
3 0.9608333333333333 0.5858333333333333 0.008333333333333333 0.018333333333333333
3 0.9295833333333333 0.0275 0.010833333333333334 0.021666666666666667
3 0.4708333333333333 0.805 0.01 0.02
3 0.85625 0.6083333333333333 0.009166666666666667 0.016666666666666666
3 0.23541666666666666 0.3591666666666667 0.0075 0.011666666666666667
3 0.9029166666666667 0.5841666666666666 0.009166666666666667 0.018333333333333333
3 0.57 0.7875 0.008333333333333333 0.015
3 0.04541666666666667 0.13833333333333334 0.009166666666666667 0.016666666666666666
3 0.9879166666666667 0.29333333333333333 0.010833333333333334 0.023333333333333334
3 0.08958333333333333 0.9333333333333333 0.0125 0.023333333333333334
3 0.26208333333333333 0.9191666666666667 0.0125 0.021666666666666667
3 0.8275 0.20166666666666666 0.011666666666666667 0.02
3 0.22916666666666666 0.9891666666666666 0.01 0.021666666666666667
3 0.44916666666666666 0.98 0.01 0.02
3 0.004583333333333333 0.8466666666666667 0.009166666666666667 0.02
3 0.13666666666666666 0.6208333333333333 0.006666666666666667 0.011666666666666667
3 0.19916666666666666 0.14916666666666667 0.006666666666666667 0.011666666666666667
3 0.3670833333333333 0.6391666666666667 0.0075 0.015
3 0.5379166666666667 0.9858333333333333 0.0075 0.015
3 0.8216666666666667 0.4525 0.006666666666666667 0.011666666666666667
2 0.9675 0.43083333333333335 0.025 0.03833333333333333
2 0.27 0.14333333333333334 0.016666666666666666 0.04666666666666667
2 0.5845833333333333 0.415 0.019166666666666665 0.05
2 0.9229166666666667 0.56 0.019166666666666665 0.05
2 0.6570833333333334 0.5325 0.024166666666666666 0.035
2 0.09208333333333334 0.0475 0.0175 0.045
2 0.5883333333333334 0.7666666666666667 0.013333333333333334 0.043333333333333335
2 0.5829166666666666 0.6391666666666667 0.0225 0.03833333333333333
2 0.18458333333333332 0.32916666666666666 0.019166666666666665 0.045
2 0.3204166666666667 0.7466666666666667 0.0225 0.03333333333333333
2 0.1175 0.8991666666666667 0.03166666666666667 0.07166666666666667
2 0.5633333333333334 0.44083333333333335 0.04 0.08166666666666667
2 0.4583333333333333 0.4191666666666667 0.04 0.08166666666666667
2 0.43166666666666664 0.5408333333333334 0.04 0.08166666666666667
2 0.5375 0.9616666666666667 0.04 0.07333333333333333
