2 0.342500 0.332500 0.100000 0.065000
2 0.581250 0.176667 0.037500 0.106667
2 0.548750 0.296667 0.022500 0.093333
2 0.519583 0.326667 0.022500 0.050000
2 0.540000 0.381667 0.035000 0.040000
2 0.576250 0.661667 0.027500 0.033333
2 0.692500 0.641667 0.030000 0.023333
2 0.492500 0.639167 0.025000 0.041667
2 0.526667 0.751667 0.011667 0.096667
2 0.477083 0.774167 0.049167 0.021667
2 0.501250 0.819167 0.042500 0.048333
2 0.471250 0.871667 0.022500 0.030000
2 0.442917 0.844167 0.010833 0.035000
2 0.340000 0.839167 0.060000 0.081667
2 0.266667 0.726667 0.015000 0.030000
2 0.328750 0.761667 0.012500 0.013333
3 0.264167 0.869167 0.015000 0.028333
3 0.256667 0.839167 0.010000 0.018333
3 0.251250 0.806667 0.007500 0.013333
3 0.392917 0.791667 0.007500 0.013333
3 0.374583 0.749167 0.007500 0.015000
3 0.382500 0.702500 0.010000 0.025000
3 0.371667 0.676667 0.008333 0.016667
3 0.394167 0.484167 0.010000 0.018333
3 0.463333 0.479167 0.010000 0.018333
3 0.551667 0.549167 0.006667 0.015000
3 0.557083 0.486667 0.007500 0.013333
3 0.294167 0.146667 0.015000 0.030000
3 0.292917 0.174167 0.009167 0.018333
3 0.277500 0.214167 0.010000 0.018333
3 0.255417 0.226667 0.007500 0.016667
3 0.469583 0.144167 0.007500 0.011667
3 0.480000 0.146667 0.010000 0.016667
3 0.491667 0.176667 0.008333 0.020000
3 0.501667 0.186667 0.008333 0.016667
3 0.435000 0.231667 0.005000 0.013333
2 0.716250 0.374167 0.022500 0.031667
2 0.660000 0.636667 0.010000 0.040000
2 0.444167 0.651667 0.031667 0.053333
3 0.403750 0.771667 0.007500 0.013333
3 0.415000 0.795000 0.005000 0.013333
3 0.423333 0.833333 0.008333 0.016667
3 0.560000 0.755000 0.005000 0.010000
3 0.459583 0.247500 0.005833 0.015000
3 0.515000 0.210000 0.005000 0.010000
3 0.435417 0.322500 0.005833 0.011667
3 0.428333 0.343333 0.006667 0.013333
3 0.196667 0.389167 0.006667 0.011667
3 0.201250 0.649167 0.005833 0.011667
3 0.240417 0.684167 0.005833 0.011667
3 0.148333 0.656667 0.003333 0.006667
3 0.156667 0.674167 0.003333 0.008333
3 0.222917 0.670000 0.005833 0.010000
3 0.225417 0.685000 0.004167 0.010000
3 0.231667 0.686667 0.005000 0.010000
3 0.335000 0.731667 0.005000 0.010000
3 0.350417 0.775833 0.005833 0.015000
3 0.292917 0.813333 0.005833 0.013333
3 0.518333 0.258333 0.005000 0.010000
3 0.522917 0.285833 0.005833 0.011667
3 0.494167 0.205000 0.005000 0.010000
3 0.502500 0.225000 0.006667 0.013333
3 0.472083 0.254167 0.004167 0.008333
3 0.637500 0.283333 0.006667 0.013333
3 0.491250 0.398333 0.005833 0.010000
3 0.282083 0.814167 0.004167 0.008333
3 0.287083 0.834167 0.004167 0.008333
3 0.231250 0.703333 0.004167 0.006667
3 0.210000 0.658333 0.006667 0.013333
3 0.415417 0.696667 0.004167 0.010000
3 0.410417 0.716667 0.005833 0.010000
3 0.400417 0.720000 0.005833 0.010000
3 0.414583 0.754167 0.004167 0.008333
3 0.588750 0.735833 0.005833 0.011667
3 0.576250 0.755000 0.004167 0.010000
3 0.707917 0.764167 0.004167 0.008333
