3 0.657188 0.363750 0.009375 0.017500
3 0.436250 0.213750 0.010000 0.014167
3 0.408750 0.189167 0.010000 0.015000
3 0.426563 0.291250 0.010625 0.019167
3 0.272188 0.092083 0.011875 0.015833
3 0.259688 0.109167 0.011875 0.015000
3 0.220938 0.070833 0.009375 0.010000
3 0.204063 0.107917 0.009375 0.012500
3 0.352187 0.185833 0.011875 0.015000
3 0.349687 0.199583 0.011875 0.012500
3 0.296563 0.197917 0.009375 0.012500
3 0.219688 0.569167 0.020625 0.015000
3 0.189688 0.562917 0.016875 0.017500
3 0.181250 0.475000 0.015000 0.020000
3 0.202813 0.415833 0.011875 0.015000
3 0.124688 0.431250 0.009375 0.012500
3 0.146563 0.383333 0.011875 0.016667
3 0.312188 0.547500 0.010625 0.013333
3 0.338750 0.564167 0.011250 0.015000
3 0.324375 0.585833 0.008750 0.015000
3 0.133750 0.261250 0.013750 0.017500
3 0.400938 0.702917 0.010625 0.014167
3 0.485000 0.731250 0.012500 0.017500
3 0.250625 0.140000 0.010000 0.011667
3 0.377188 0.246667 0.008125 0.010000
3 0.395313 0.262083 0.008125 0.012500
3 0.377188 0.376667 0.013125 0.016667
3 0.408125 0.425000 0.007500 0.010000
3 0.398125 0.397500 0.008750 0.010000
3 0.432188 0.474583 0.005625 0.007500
3 0.544375 0.545000 0.010000 0.020000
3 0.462500 0.490417 0.007500 0.010833
3 0.424687 0.707917 0.010625 0.010833
3 0.293438 0.541667 0.009375 0.010000
3 0.176563 0.106250 0.013125 0.019167
3 0.202500 0.141250 0.008750 0.012500
3 0.322500 0.042500 0.017500 0.030000
3 0.568438 0.381667 0.006875 0.010000
3 0.333750 0.527083 0.006250 0.007500
3 0.350625 0.547083 0.005000 0.005833
3 0.354375 0.582083 0.005000 0.007500
3 0.298750 0.493333 0.005000 0.006667
3 0.326875 0.503333 0.005000 0.006667
3 0.265000 0.509167 0.006250 0.008333
3 0.223750 0.457500 0.007500 0.010000
3 0.225625 0.490417 0.007500 0.010833
3 0.161875 0.458750 0.007500 0.009167
3 0.151875 0.443750 0.007500 0.012500
3 0.144687 0.339583 0.006875 0.009167
3 0.166250 0.356250 0.007500 0.010833
3 0.180938 0.407083 0.009375 0.012500
3 0.208750 0.439167 0.003750 0.006667
3 0.253437 0.427917 0.004375 0.005833
3 0.192188 0.337500 0.006875 0.008333
3 0.170937 0.340000 0.004375 0.005000
3 0.176563 0.458750 0.006875 0.007500
3 0.183125 0.529167 0.006250 0.008333
3 0.282187 0.551667 0.008125 0.010000
3 0.298125 0.557917 0.006250 0.009167
3 0.322500 0.566667 0.006250 0.008333
3 0.382812 0.561667 0.005625 0.006667
3 0.428438 0.680000 0.004375 0.006667
3 0.484687 0.710417 0.006875 0.010833
3 0.444688 0.688750 0.004375 0.005833
3 0.471250 0.614583 0.005000 0.007500
3 0.579063 0.329167 0.005625 0.006667
3 0.615000 0.372083 0.005000 0.007500
3 0.599063 0.393750 0.004375 0.005833
3 0.407500 0.297083 0.006250 0.009167
3 0.344687 0.240417 0.006875 0.009167
3 0.345625 0.223333 0.008750 0.011667
3 0.333125 0.163750 0.007500 0.009167
3 0.336875 0.179167 0.007500 0.010000
3 0.320625 0.145417 0.006250 0.009167
3 0.324688 0.077083 0.006875 0.009167
3 0.252812 0.180833 0.005625 0.008333
3 0.232813 0.081667 0.005625 0.008333
3 0.327500 0.132917 0.007500 0.009167
3 0.159062 0.316250 0.008125 0.010833
3 0.160312 0.438333 0.005625 0.006667
3 0.235000 0.517917 0.005000 0.007500
3 0.476250 0.706250 0.005000 0.005833
3 0.403750 0.647500 0.005000 0.008333
3 0.353125 0.492083 0.005000 0.007500
3 0.172500 0.515417 0.006250 0.007500
3 0.145000 0.432917 0.005000 0.005833
3 0.149688 0.370000 0.006875 0.008333
3 0.152188 0.266250 0.006875 0.009167
3 0.139687 0.296667 0.004375 0.006667
3 0.160625 0.293333 0.006250 0.006667
3 0.278438 0.168750 0.004375 0.005833
3 0.298438 0.176250 0.004375 0.005833
3 0.308750 0.128750 0.003750 0.005833
3 0.316250 0.128333 0.003750 0.005000
3 0.290625 0.105833 0.003750 0.006667
