3 0.328613 0.096791 0.022461 0.022460
3 0.380859 0.103743 0.017578 0.019251
3 0.418457 0.125134 0.024414 0.025668
3 0.382324 0.173797 0.012695 0.011765
3 0.503418 0.150267 0.008789 0.009626
3 0.493164 0.178075 0.005859 0.007487
3 0.486328 0.191444 0.007812 0.008556
3 0.275879 0.176471 0.012695 0.014973
3 0.301758 0.170588 0.011719 0.011765
3 0.304688 0.183957 0.009766 0.010695
3 0.328613 0.121925 0.008789 0.010695
3 0.400391 0.150802 0.009766 0.012834
3 0.402344 0.217112 0.009766 0.010695
3 0.093262 0.341176 0.010742 0.012834
3 0.136719 0.388770 0.011719 0.013904
3 0.145996 0.371658 0.008789 0.011765
3 0.123047 0.333690 0.011719 0.014973
3 0.182129 0.416578 0.012695 0.016043
3 0.176758 0.516043 0.013672 0.020321
3 0.226074 0.559358 0.020508 0.021390
3 0.248047 0.495722 0.013672 0.011765
3 0.288574 0.526738 0.008789 0.009626
3 0.384766 0.679144 0.011719 0.014973
3 0.311523 0.597326 0.007812 0.009626
3 0.324219 0.636364 0.007812 0.008556
3 0.416504 0.596257 0.006836 0.007487
3 0.286621 0.465775 0.010742 0.011765
3 0.252930 0.409091 0.009766 0.011765
3 0.177734 0.454545 0.011719 0.012834
3 0.203613 0.404278 0.008789 0.010695
3 0.304199 0.249198 0.008789 0.010695
3 0.329102 0.158824 0.007812 0.009626
3 0.380371 0.119251 0.006836 0.007487
3 0.460449 0.219251 0.006836 0.006417
3 0.496582 0.223529 0.010742 0.010695
3 0.255859 0.224599 0.007812 0.008556
3 0.274414 0.239572 0.005859 0.006417
3 0.254883 0.170053 0.007812 0.008556
3 0.190918 0.534225 0.010742 0.011765
3 0.202637 0.452406 0.010742 0.010695
3 0.191895 0.449198 0.010742 0.012834
3 0.224609 0.412299 0.005859 0.007487
3 0.137695 0.361497 0.003906 0.004278
3 0.104980 0.367380 0.004883 0.005348
3 0.140625 0.349733 0.005859 0.006417
3 0.233887 0.397861 0.004883 0.004278
3 0.261719 0.420856 0.003906 0.005348
3 0.298340 0.490909 0.004883 0.006417
3 0.291016 0.480214 0.005859 0.006417
3 0.276855 0.503743 0.004883 0.006417
3 0.270020 0.540642 0.006836 0.009626
3 0.281250 0.547059 0.005859 0.007487
3 0.236328 0.527807 0.007812 0.007487
3 0.240723 0.512834 0.006836 0.009626
3 0.308594 0.559893 0.005859 0.009626
3 0.319824 0.556684 0.006836 0.007487
3 0.335938 0.490909 0.005859 0.006417
3 0.321777 0.487701 0.006836 0.008556
3 0.356934 0.490374 0.006836 0.005348
3 0.420898 0.514973 0.005859 0.007487
3 0.316895 0.531551 0.006836 0.008556
3 0.265625 0.475401 0.009766 0.009626
3 0.430176 0.576471 0.006836 0.006417
3 0.336426 0.609091 0.006836 0.007487
3 0.336426 0.617647 0.008789 0.007487
3 0.322266 0.141176 0.005859 0.006417
3 0.245605 0.168984 0.004883 0.006417
3 0.283691 0.212834 0.006836 0.006417
3 0.291992 0.226738 0.007812 0.008556
3 0.343750 0.226203 0.005859 0.007487
3 0.441895 0.267914 0.004883 0.007487
3 0.350586 0.281283 0.005859 0.008556
3 0.333008 0.238503 0.005859 0.008556
3 0.497070 0.202674 0.005859 0.007487
3 0.486328 0.206952 0.005859 0.007487
3 0.527832 0.628342 0.004883 0.007487
