3 0.377441 0.110695 0.016602 0.020321
3 0.326172 0.103743 0.021484 0.017112
3 0.501465 0.158289 0.008789 0.008556
3 0.380371 0.177005 0.010742 0.011765
3 0.484375 0.194118 0.007812 0.007487
3 0.496582 0.204813 0.006836 0.005348
3 0.264160 0.517647 0.022461 0.021390
3 0.225586 0.551872 0.021484 0.025668
3 0.180176 0.513904 0.014648 0.020321
3 0.097656 0.342246 0.009766 0.012834
3 0.275391 0.180749 0.011719 0.012834
3 0.299805 0.170053 0.009766 0.010695
3 0.302734 0.184492 0.009766 0.009626
3 0.399414 0.217112 0.009766 0.010695
3 0.416504 0.216043 0.006836 0.008556
3 0.592773 0.585027 0.009766 0.010695
3 0.654297 0.584492 0.009766 0.011765
3 0.204102 0.449733 0.011719 0.013904
3 0.235352 0.200000 0.013672 0.014973
3 0.396484 0.155080 0.009766 0.014973
3 0.184082 0.416043 0.012695 0.014973
3 0.315918 0.594652 0.008789 0.010695
3 0.329102 0.630481 0.009766 0.009626
3 0.140137 0.387701 0.010742 0.011765
3 0.147461 0.373797 0.011719 0.011765
3 0.307617 0.250267 0.007812 0.010695
3 0.229004 0.335294 0.010742 0.011765
3 0.285156 0.463102 0.011719 0.012834
3 0.126465 0.333155 0.010742 0.011765
3 0.272949 0.403743 0.010742 0.009626
3 0.641113 0.460428 0.006836 0.007487
3 0.659668 0.468449 0.004883 0.006417
3 0.655762 0.443850 0.008789 0.008556
3 0.294434 0.529412 0.008789 0.010695
3 0.233887 0.522995 0.008789 0.008556
3 0.176758 0.451872 0.011719 0.011765
3 0.199219 0.473262 0.011719 0.018182
3 0.685547 0.549733 0.005859 0.010695
2 0.653809 0.240642 0.022461 0.036364
2 0.365723 0.661497 0.051758 0.037433
2 0.361328 0.649733 0.019531 0.013904
