3 0.330566 0.066845 0.022461 0.018182
3 0.435059 0.100535 0.016602 0.023529
3 0.392090 0.080214 0.018555 0.023529
3 0.418945 0.128342 0.009766 0.010695
3 0.508301 0.124599 0.008789 0.009626
3 0.607422 0.263636 0.011719 0.013904
3 0.676270 0.315508 0.014648 0.017112
3 0.548828 0.236364 0.015625 0.014973
3 0.394043 0.159358 0.010742 0.012834
3 0.417969 0.214973 0.009766 0.010695
3 0.417480 0.227807 0.006836 0.008556
3 0.492676 0.179679 0.006836 0.006417
3 0.501465 0.194652 0.006836 0.008556
3 0.498047 0.163636 0.005859 0.006417
3 0.496582 0.211765 0.010742 0.012834
3 0.489746 0.246524 0.010742 0.009626
3 0.577637 0.244920 0.008789 0.010695
3 0.264648 0.114973 0.007812 0.009626
3 0.279297 0.125668 0.009766 0.009626
3 0.191406 0.146524 0.021484 0.021390
3 0.277344 0.163636 0.011719 0.012834
3 0.306152 0.168984 0.010742 0.010695
3 0.280273 0.191979 0.013672 0.016043
3 0.360840 0.181283 0.008789 0.011765
3 0.329102 0.111765 0.009766 0.009626
3 0.166992 0.193583 0.009766 0.008556
3 0.194824 0.168984 0.008789 0.008556
3 0.250000 0.162032 0.005859 0.007487
3 0.327148 0.139572 0.007812 0.007487
3 0.300293 0.126738 0.004883 0.007487
3 0.225586 0.223529 0.007812 0.008556
3 0.238770 0.224599 0.008789 0.008556
3 0.368164 0.227807 0.007812 0.010695
3 0.341797 0.220321 0.005859 0.008556
3 0.458496 0.217112 0.006836 0.006417
3 0.482910 0.295187 0.006836 0.008556
3 0.124512 0.389305 0.010742 0.012834
3 0.176758 0.416578 0.013672 0.016043
3 0.153809 0.410695 0.008789 0.008556
3 0.179199 0.463636 0.010742 0.013904
3 0.164551 0.532086 0.016602 0.016043
3 0.184570 0.556684 0.009766 0.011765
3 0.241211 0.545455 0.005859 0.008556
3 0.269043 0.489840 0.008789 0.008556
3 0.232910 0.412834 0.006836 0.008556
3 0.294434 0.478075 0.010742 0.010695
3 0.300781 0.492513 0.007812 0.009626
3 0.286133 0.487701 0.005859 0.006417
3 0.273438 0.460428 0.003906 0.005348
3 0.472656 0.576471 0.007812 0.010695
3 0.440918 0.607487 0.004883 0.006417
3 0.408203 0.612299 0.005859 0.005348
3 0.452637 0.584492 0.014648 0.016043
3 0.345703 0.634759 0.017578 0.013904
3 0.326660 0.621925 0.006836 0.007487
3 0.297852 0.607487 0.007812 0.008556
3 0.310059 0.558824 0.006836 0.007487
3 0.283691 0.555615 0.006836 0.007487
3 0.283203 0.526738 0.007812 0.007487
3 0.268555 0.516578 0.007812 0.008556
3 0.424805 0.531016 0.005859 0.007487
3 0.482910 0.585561 0.004883 0.005348
3 0.307617 0.657754 0.007812 0.008556
3 0.548828 0.639037 0.007812 0.007487
3 0.562500 0.628342 0.005859 0.005348
3 0.570312 0.641711 0.005859 0.006417
3 0.526367 0.618717 0.005859 0.005348
3 0.523438 0.631551 0.005859 0.005348
3 0.627441 0.663102 0.006836 0.008556
3 0.665039 0.637433 0.005859 0.006417
3 0.646484 0.536898 0.005859 0.006417
3 0.606934 0.470053 0.008789 0.009626
3 0.675781 0.415508 0.005859 0.005348
3 0.657715 0.365775 0.008789 0.008556
3 0.596191 0.239037 0.006836 0.007487
3 0.478027 0.219786 0.002930 0.003209
3 0.432617 0.256684 0.005859 0.006417
3 0.382324 0.172193 0.004883 0.004278
3 0.287109 0.208021 0.005859 0.005348
3 0.395508 0.309091 0.007812 0.008556
3 0.400879 0.271658 0.006836 0.008556
3 0.497070 0.270053 0.005859 0.007487
3 0.360352 0.249198 0.005859 0.006417
3 0.336914 0.149733 0.007812 0.008556
3 0.311523 0.180749 0.009766 0.010695
3 0.311523 0.262567 0.005859 0.007487
3 0.345703 0.273262 0.005859 0.007487
3 0.270020 0.240642 0.006836 0.008556
3 0.287598 0.231551 0.008789 0.009626
3 0.194824 0.179679 0.006836 0.006417
3 0.245117 0.166845 0.005859 0.006417
3 0.218262 0.177005 0.004883 0.005348
3 0.211426 0.185027 0.004883 0.004278
3 0.072266 0.335294 0.009766 0.011765
3 0.104980 0.335829 0.010742 0.012834
3 0.098633 0.370053 0.003906 0.006417
3 0.140137 0.359893 0.008789 0.009626
3 0.140137 0.346524 0.004883 0.006417
3 0.164062 0.372727 0.005859 0.007487
3 0.180176 0.387166 0.008789 0.010695
3 0.264648 0.417112 0.007812 0.008556
3 0.270508 0.400535 0.007812 0.009626
3 0.210449 0.374332 0.008789 0.008556
3 0.192871 0.360963 0.006836 0.007487
3 0.198242 0.534759 0.007812 0.008556
3 0.217285 0.482888 0.006836 0.007487
3 0.321289 0.537968 0.005859 0.006417
3 0.381836 0.532620 0.007812 0.008556
3 0.414551 0.571658 0.010742 0.011765
3 0.381348 0.618182 0.006836 0.006417
3 0.541992 0.611765 0.009766 0.010695
3 0.389160 0.717647 0.012695 0.012834
3 0.353027 0.689305 0.004883 0.005348
3 0.646484 0.724064 0.007812 0.010695
3 0.707520 0.621390 0.008789 0.010695
3 0.635254 0.564706 0.006836 0.006417
3 0.649414 0.545989 0.007812 0.007487
3 0.700195 0.525134 0.007812 0.008556
3 0.627930 0.519251 0.005859 0.005348
3 0.609863 0.529412 0.006836 0.008556
3 0.645020 0.521390 0.006836 0.007487
3 0.696777 0.424599 0.004883 0.006417
3 0.597168 0.459358 0.010742 0.009626
3 0.506348 0.457754 0.010742 0.014973
3 0.406738 0.404278 0.010742 0.012834
3 0.300781 0.350802 0.005859 0.006417
3 0.289062 0.361497 0.003906 0.004278
3 0.155762 0.250267 0.016602 0.017112
3 0.144043 0.311230 0.010742 0.010695
3 0.142090 0.335294 0.006836 0.007487
3 0.232910 0.328877 0.010742 0.011765
3 0.193359 0.250267 0.007812 0.008556
3 0.149902 0.289305 0.006836 0.007487
3 0.249512 0.360963 0.006836 0.007487
3 0.319824 0.343850 0.006836 0.009626
3 0.580078 0.450267 0.011719 0.010695
3 0.366211 0.339037 0.009766 0.010695
3 0.367676 0.321925 0.006836 0.008556
3 0.420410 0.350802 0.006836 0.008556
2 0.681641 0.222460 0.093750 0.057754
2 0.504883 0.655080 0.044922 0.043850
2 0.396484 0.596257 0.029297 0.020321
3 0.350586 0.708021 0.015625 0.019251
3 0.227539 0.590374 0.019531 0.021390
3 0.270996 0.541176 0.020508 0.023529
