3 0.527344 0.355080 0.009766 0.010695
3 0.664062 0.435829 0.005859 0.007487
3 0.567871 0.367914 0.004883 0.006417
3 0.588867 0.362567 0.005859 0.006417
3 0.625488 0.415508 0.006836 0.007487
3 0.536621 0.375401 0.006836 0.008556
3 0.662598 0.572193 0.012695 0.012834
3 0.436523 0.489840 0.009766 0.010695
3 0.422363 0.481818 0.006836 0.009626
3 0.312500 0.427273 0.007812 0.011765
3 0.319336 0.356684 0.005859 0.007487
3 0.348633 0.382888 0.007812 0.008556
3 0.424316 0.424064 0.008789 0.009626
3 0.479004 0.456150 0.006836 0.007487
3 0.659668 0.514973 0.006836 0.009626
3 0.616699 0.524064 0.006836 0.006417
3 0.645996 0.472727 0.004883 0.006417
3 0.637695 0.478075 0.005859 0.006417
3 0.632812 0.517112 0.005859 0.007487
3 0.397949 0.348663 0.006836 0.008556
3 0.453125 0.437968 0.005859 0.005348
3 0.470215 0.444385 0.006836 0.005348
3 0.498047 0.536364 0.005859 0.007487
3 0.383789 0.582353 0.007812 0.007487
3 0.617188 0.548663 0.005859 0.006417
3 0.625977 0.564706 0.005859 0.006417
3 0.598145 0.562567 0.004883 0.004278
3 0.606934 0.385027 0.006836 0.006417
