2 0.343333 0.332500 0.100000 0.065000
2 0.581250 0.176667 0.037500 0.106667
2 0.549583 0.296667 0.022500 0.093333
2 0.520000 0.326667 0.021667 0.050000
2 0.540833 0.381667 0.035000 0.040000
2 0.577083 0.661667 0.027500 0.033333
2 0.692500 0.641667 0.030000 0.023333
2 0.492500 0.639167 0.025000 0.041667
2 0.526667 0.751667 0.011667 0.096667
2 0.477500 0.774167 0.050000 0.021667
2 0.502083 0.819167 0.042500 0.048333
2 0.472083 0.871667 0.022500 0.030000
2 0.442917 0.844167 0.010833 0.035000
2 0.340833 0.839167 0.060000 0.081667
2 0.266667 0.726667 0.015000 0.030000
2 0.329583 0.761667 0.012500 0.013333
3 0.264167 0.869167 0.015000 0.028333
3 0.256667 0.839167 0.010000 0.018333
3 0.252083 0.806667 0.007500 0.013333
3 0.392917 0.791667 0.007500 0.013333
3 0.375000 0.749167 0.008333 0.015000
3 0.382500 0.702500 0.010000 0.025000
3 0.371667 0.676667 0.008333 0.016667
3 0.394167 0.484167 0.010000 0.018333
3 0.463750 0.479167 0.010833 0.018333
3 0.551667 0.549167 0.006667 0.015000
3 0.557500 0.486667 0.006667 0.013333
3 0.294167 0.146667 0.015000 0.030000
3 0.292917 0.174167 0.009167 0.018333
3 0.278333 0.214167 0.010000 0.018333
3 0.255417 0.226667 0.007500 0.016667
3 0.470000 0.144167 0.008333 0.011667
3 0.480833 0.146667 0.010000 0.016667
3 0.491667 0.176667 0.008333 0.020000
3 0.501667 0.186667 0.008333 0.016667
3 0.435833 0.231667 0.005000 0.013333
2 0.717083 0.375833 0.022500 0.031667
2 0.660000 0.638333 0.010000 0.040000
2 0.444167 0.652500 0.031667 0.051667
