2 0.606667 0.104167 0.033333 0.055000
2 0.845000 0.321667 0.018333 0.063333
2 0.788333 0.284167 0.025000 0.021667
2 0.841250 0.851667 0.032500 0.073333
2 0.552083 0.674167 0.037500 0.038333
3 0.377500 0.926667 0.020000 0.036667
3 0.296667 0.889167 0.018333 0.038333
3 0.243333 0.916667 0.015000 0.026667
3 0.532500 0.866667 0.010000 0.023333
3 0.557083 0.791667 0.012500 0.030000
3 0.284583 0.084167 0.017500 0.031667
3 0.470000 0.079167 0.010000 0.018333
3 0.610833 0.204167 0.015000 0.028333
3 0.262917 0.174167 0.009167 0.018333
3 0.317917 0.181667 0.012500 0.026667
3 0.427500 0.341667 0.015000 0.030000
3 0.484167 0.211667 0.010000 0.020000
3 0.467500 0.854167 0.010000 0.018333
3 0.462500 0.924167 0.010000 0.018333
3 0.442917 0.924167 0.009167 0.018333
3 0.304167 0.759167 0.010000 0.018333
3 0.235417 0.871667 0.010833 0.023333
3 0.325833 0.306667 0.015000 0.033333
3 0.620000 0.660000 0.010000 0.030000
3 0.407083 0.774167 0.010833 0.021667
3 0.475833 0.274167 0.010000 0.015000
3 0.510833 0.129167 0.010000 0.015000
3 0.540417 0.336667 0.012500 0.030000
2 0.738333 0.379167 0.020000 0.025000
2 0.595833 0.226667 0.020000 0.043333
2 0.742500 0.289167 0.045000 0.015000
3 0.200833 0.286667 0.010000 0.016667
3 0.190417 0.276667 0.007500 0.016667
3 0.280833 0.316667 0.010000 0.020000
3 0.440417 0.104167 0.009167 0.015000
3 0.440000 0.141667 0.005000 0.010000
3 0.456667 0.181667 0.006667 0.013333
3 0.416667 0.191667 0.006667 0.013333
3 0.351250 0.209167 0.005833 0.011667
3 0.310417 0.111667 0.007500 0.016667
3 0.293750 0.119167 0.009167 0.018333
3 0.324583 0.691667 0.007500 0.013333
3 0.413333 0.857500 0.005000 0.015000
3 0.364167 0.859167 0.006667 0.011667
3 0.366667 0.794167 0.006667 0.015000
3 0.243750 0.744167 0.007500 0.015000
3 0.232500 0.822500 0.006667 0.015000
3 0.647083 0.759167 0.017500 0.035000
3 0.551250 0.724167 0.007500 0.015000
3 0.795833 0.369167 0.005000 0.008333
3 0.735833 0.196667 0.008333 0.013333
3 0.701667 0.231667 0.006667 0.013333
3 0.805000 0.691667 0.008333 0.013333
3 0.912917 0.771667 0.007500 0.013333
3 0.433750 0.809167 0.007500 0.015000
3 0.315000 0.829167 0.010000 0.021667
3 0.201250 0.656667 0.005833 0.013333
3 0.352917 0.669167 0.007500 0.015000
3 0.187917 0.641667 0.005833 0.013333
3 0.234167 0.214167 0.008333 0.015000
3 0.497917 0.136667 0.009167 0.016667
3 0.456667 0.066667 0.006667 0.016667
3 0.752917 0.854167 0.007500 0.015000
3 0.442917 0.829167 0.007500 0.015000
3 0.760833 0.241667 0.008333 0.016667
3 0.593750 0.547500 0.007500 0.015000
3 0.527083 0.720833 0.004167 0.008333
3 0.531250 0.745000 0.005833 0.010000
3 0.505000 0.747500 0.005000 0.008333
3 0.491250 0.825000 0.004167 0.006667
3 0.402500 0.795000 0.005000 0.010000
3 0.562500 0.569167 0.006667 0.011667
3 0.426250 0.554167 0.007500 0.015000
3 0.630417 0.497500 0.007500 0.015000
3 0.808750 0.526667 0.005833 0.013333
3 0.764583 0.495833 0.005833 0.011667
3 0.695000 0.501667 0.008333 0.016667
3 0.649583 0.478333 0.009167 0.016667
3 0.310833 0.490000 0.008333 0.016667
3 0.545417 0.530833 0.007500 0.015000
3 0.775417 0.554167 0.005833 0.011667
3 0.860417 0.547500 0.004167 0.008333
3 0.905000 0.510000 0.005000 0.010000
3 0.761250 0.547500 0.004167 0.008333
3 0.668333 0.263333 0.005000 0.010000
3 0.669167 0.384167 0.006667 0.011667
3 0.476667 0.343333 0.006667 0.013333
3 0.443750 0.340000 0.005833 0.010000
3 0.462917 0.215000 0.007500 0.013333
3 0.473333 0.238333 0.006667 0.013333
3 0.457917 0.245000 0.005833 0.010000
3 0.359583 0.345833 0.007500 0.015000
3 0.260833 0.370000 0.006667 0.013333
3 0.293333 0.356667 0.008333 0.016667
3 0.228750 0.657500 0.005833 0.011667
3 0.228750 0.801667 0.005833 0.010000
3 0.289583 0.825833 0.004167 0.008333
3 0.277917 0.819167 0.004167 0.008333
3 0.282500 0.835000 0.005000 0.010000
3 0.292917 0.804167 0.004167 0.008333
3 0.254167 0.783333 0.005000 0.010000
3 0.352500 0.796667 0.006667 0.013333
3 0.512083 0.897500 0.017500 0.021667
3 0.789583 0.631667 0.007500 0.013333
3 0.229167 0.346667 0.005000 0.010000
3 0.437500 0.540833 0.008333 0.015000
3 0.402917 0.535000 0.007500 0.016667
3 0.509583 0.539167 0.007500 0.015000
3 0.370000 0.487500 0.010000 0.018333
3 0.725000 0.559167 0.008333 0.015000
3 0.508750 0.406667 0.009167 0.016667
3 0.298750 0.383333 0.010833 0.020000
