2 0.380000 0.332500 0.030000 0.025000
2 0.586667 0.156667 0.025000 0.083333
3 0.290417 0.121667 0.015833 0.036667
3 0.477917 0.121667 0.010833 0.023333
3 0.465000 0.114167 0.010000 0.018333
3 0.449583 0.136667 0.007500 0.013333
3 0.427917 0.214167 0.007500 0.015000
3 0.245833 0.221667 0.010000 0.016667
3 0.271250 0.200000 0.012500 0.020000
3 0.299167 0.244167 0.015000 0.018333
3 0.248750 0.371667 0.007500 0.013333
3 0.277917 0.321667 0.012500 0.020000
3 0.411250 0.354167 0.012500 0.028333
3 0.347917 0.229167 0.005833 0.011667
3 0.206250 0.299167 0.007500 0.015000
3 0.201250 0.284167 0.007500 0.018333
3 0.255000 0.889167 0.015000 0.031667
3 0.300000 0.859167 0.020000 0.035000
3 0.246250 0.849167 0.012500 0.021667
3 0.243750 0.814167 0.007500 0.018333
3 0.352500 0.834167 0.010000 0.011667
3 0.522917 0.844167 0.010833 0.025000
2 0.539167 0.774167 0.015000 0.038333
3 0.381250 0.791667 0.007500 0.013333
3 0.396667 0.704167 0.011667 0.021667
3 0.378750 0.674167 0.007500 0.018333
3 0.507500 0.676667 0.010000 0.026667
3 0.554583 0.724167 0.007500 0.011667
3 0.460000 0.796667 0.010000 0.013333
3 0.468750 0.841667 0.007500 0.023333
3 0.436667 0.804167 0.008333 0.021667
3 0.420000 0.766667 0.010000 0.020000
3 0.384167 0.756667 0.008333 0.013333
3 0.396250 0.766667 0.007500 0.013333
3 0.249167 0.741667 0.008333 0.013333
3 0.243750 0.759167 0.007500 0.011667
3 0.265000 0.729167 0.010000 0.021667
3 0.461250 0.199167 0.007500 0.011667
3 0.474167 0.291667 0.010000 0.016667
3 0.464583 0.244167 0.007500 0.015000
3 0.678333 0.254167 0.005000 0.015000
2 0.555417 0.286667 0.009167 0.043333
3 0.372500 0.289167 0.003333 0.008333
3 0.362917 0.249167 0.004167 0.008333
3 0.448333 0.316667 0.003333 0.006667
3 0.462917 0.342500 0.004167 0.008333
3 0.489167 0.208333 0.005000 0.010000
3 0.547917 0.206667 0.004167 0.010000
3 0.443333 0.340833 0.006667 0.011667
3 0.318750 0.233333 0.007500 0.013333
3 0.346250 0.260000 0.004167 0.006667
3 0.271250 0.276667 0.004167 0.010000
3 0.353333 0.349167 0.006667 0.015000
3 0.198333 0.389167 0.006667 0.011667
3 0.229583 0.344167 0.004167 0.008333
3 0.242917 0.333333 0.004167 0.006667
3 0.228750 0.302500 0.004167 0.008333
3 0.282917 0.373333 0.005833 0.013333
3 0.206667 0.656667 0.006667 0.013333
3 0.287083 0.763333 0.005833 0.010000
3 0.448333 0.892500 0.010000 0.018333
3 0.409583 0.795000 0.004167 0.010000
3 0.520000 0.715833 0.003333 0.005000
3 0.499167 0.714167 0.003333 0.008333
3 0.576667 0.718333 0.003333 0.006667
3 0.487083 0.753333 0.005833 0.013333
3 0.710417 0.789167 0.004167 0.008333
3 0.767917 0.698333 0.004167 0.010000
3 0.787083 0.680833 0.004167 0.008333
3 0.555417 0.755000 0.004167 0.010000
3 0.351250 0.785000 0.005833 0.013333
3 0.322917 0.730833 0.007500 0.015000
3 0.266667 0.694167 0.005000 0.008333
3 0.251667 0.695833 0.005000 0.008333
3 0.235417 0.672500 0.005833 0.011667
3 0.259167 0.781667 0.005000 0.010000
3 0.310833 0.785000 0.005000 0.010000
3 0.419167 0.843333 0.006667 0.013333
3 0.410833 0.733333 0.006667 0.010000
3 0.450833 0.539167 0.005000 0.008333
3 0.557083 0.562500 0.004167 0.008333
3 0.524167 0.525000 0.008333 0.016667
3 0.595833 0.566667 0.005000 0.010000
3 0.390000 0.550000 0.006667 0.013333
3 0.387500 0.520833 0.008333 0.015000
3 0.566250 0.484167 0.005833 0.011667
3 0.774167 0.531667 0.005000 0.013333
