3 0.657188 0.363750 0.009375 0.017500
3 0.436250 0.214583 0.010000 0.014167
3 0.408750 0.189167 0.010000 0.015000
3 0.427187 0.292083 0.010625 0.019167
3 0.272188 0.092500 0.011875 0.015000
3 0.259688 0.109167 0.011875 0.015000
3 0.221562 0.071250 0.009375 0.010833
3 0.204063 0.107917 0.009375 0.012500
3 0.352812 0.186250 0.011875 0.014167
3 0.350000 0.200000 0.012500 0.013333
3 0.296563 0.197917 0.009375 0.012500
3 0.220312 0.569167 0.020625 0.015000
3 0.190312 0.562917 0.016875 0.017500
3 0.181250 0.475000 0.015000 0.020000
3 0.202813 0.416250 0.011875 0.015833
3 0.124688 0.432083 0.009375 0.012500
3 0.147187 0.383750 0.011875 0.017500
3 0.312812 0.548333 0.010625 0.013333
3 0.338750 0.564167 0.011250 0.015000
3 0.324375 0.586250 0.008750 0.015833
3 0.133750 0.262083 0.013750 0.017500
3 0.401562 0.702917 0.010625 0.014167
3 0.485000 0.732083 0.012500 0.017500
3 0.251250 0.140833 0.010000 0.011667
3 0.377188 0.246667 0.008125 0.010000
3 0.395313 0.262500 0.008125 0.011667
3 0.377188 0.376667 0.013125 0.016667
3 0.408125 0.425833 0.007500 0.010000
3 0.398125 0.398333 0.008750 0.010000
3 0.432188 0.475000 0.005625 0.008333
3 0.544375 0.545000 0.010000 0.020000
3 0.462500 0.490417 0.007500 0.010833
3 0.425312 0.707917 0.010625 0.010833
3 0.293438 0.541667 0.009375 0.010000
3 0.177187 0.107083 0.013125 0.019167
3 0.202500 0.142083 0.008750 0.012500
3 0.322500 0.042500 0.017500 0.030000
3 0.568438 0.381667 0.006875 0.010000
