3 0.325313 0.033750 0.021875 0.024167
3 0.673750 0.365000 0.011250 0.016667
3 0.180938 0.483750 0.015625 0.019167
3 0.189062 0.575833 0.015625 0.018333
3 0.216562 0.580000 0.018125 0.016667
3 0.338750 0.572083 0.011250 0.017500
3 0.363438 0.557083 0.010625 0.014167
3 0.400938 0.543333 0.013125 0.018333
3 0.490938 0.750000 0.011875 0.016667
3 0.132500 0.259583 0.013750 0.019167
3 0.122188 0.336250 0.010625 0.014167
3 0.144375 0.385417 0.008750 0.012500
3 0.441875 0.214583 0.010000 0.012500
3 0.173750 0.100417 0.015000 0.017500
3 0.401562 0.717500 0.013125 0.015000
3 0.324062 0.595000 0.010625 0.013333
3 0.310625 0.551667 0.008750 0.011667
3 0.492812 0.517500 0.006875 0.011667
3 0.466875 0.509583 0.007500 0.009167
3 0.476562 0.520833 0.005625 0.006667
3 0.451250 0.492083 0.006250 0.007500
3 0.559375 0.562500 0.006250 0.008333
3 0.434375 0.442917 0.006250 0.007500
3 0.546562 0.545417 0.004375 0.007500
3 0.551875 0.551250 0.005000 0.007500
3 0.570312 0.569583 0.005625 0.007500
3 0.454062 0.282500 0.010625 0.016667
3 0.412187 0.185833 0.009375 0.013333
3 0.306875 0.139583 0.010000 0.012500
3 0.260625 0.104583 0.010000 0.017500
3 0.270313 0.089583 0.009375 0.014167
3 0.296250 0.189167 0.008750 0.011667
3 0.253125 0.140833 0.008750 0.010000
3 0.203750 0.138750 0.008750 0.010833
3 0.203437 0.102500 0.008125 0.011667
3 0.209063 0.132083 0.006875 0.009167
3 0.182812 0.136667 0.006875 0.010000
3 0.158438 0.322917 0.008125 0.010833
3 0.238750 0.490417 0.007500 0.010833
3 0.278750 0.556667 0.007500 0.011667
3 0.291875 0.545833 0.007500 0.010000
3 0.433750 0.657917 0.008750 0.010833
3 0.420000 0.710833 0.007500 0.010000
3 0.440937 0.713333 0.009375 0.011667
3 0.488750 0.725000 0.006250 0.008333
3 0.431250 0.298333 0.008750 0.016667
3 0.356563 0.187083 0.013125 0.014167
3 0.353438 0.200833 0.011875 0.015000
3 0.346562 0.221667 0.008125 0.011667
3 0.218750 0.066667 0.007500 0.010000
3 0.198750 0.420000 0.010000 0.016667
3 0.224688 0.461250 0.006875 0.009167
3 0.240000 0.476667 0.007500 0.008333
3 0.330313 0.479167 0.006875 0.013333
3 0.281875 0.442917 0.010000 0.012500
3 0.289687 0.413333 0.009375 0.013333
3 0.166250 0.356667 0.007500 0.010000
3 0.159062 0.463333 0.006875 0.010000
3 0.176875 0.463750 0.005000 0.007500
3 0.476250 0.748750 0.008750 0.012500
3 0.425625 0.720000 0.008750 0.011667
3 0.120313 0.434583 0.008125 0.010833
3 0.149688 0.447083 0.008125 0.009167
3 0.144375 0.284583 0.010000 0.020833
3 0.150625 0.269167 0.007500 0.010000
3 0.330000 0.073750 0.006250 0.009167
3 0.326875 0.094583 0.007500 0.010833
3 0.336562 0.162917 0.006875 0.009167
3 0.341250 0.179167 0.006250 0.010000
3 0.380312 0.245833 0.008125 0.011667
3 0.425312 0.461250 0.006875 0.007500
3 0.475313 0.477917 0.005625 0.007500
3 0.426250 0.595000 0.006250 0.008333
3 0.577187 0.387917 0.006875 0.010833
3 0.623750 0.480000 0.013750 0.011667
3 0.482187 0.325000 0.009375 0.011667
3 0.473750 0.326250 0.007500 0.010833
3 0.447188 0.323333 0.009375 0.013333
3 0.558438 0.449167 0.006875 0.010000
3 0.422812 0.419583 0.006875 0.010833
3 0.296875 0.563750 0.007500 0.009167
3 0.264375 0.514583 0.006250 0.009167
3 0.182188 0.537917 0.005625 0.007500
3 0.187812 0.419167 0.006875 0.008333
3 0.269688 0.400417 0.006875 0.009167
3 0.336250 0.355000 0.006250 0.008333
3 0.390000 0.391250 0.012500 0.015833
3 0.407813 0.364583 0.005625 0.009167
3 0.397188 0.355000 0.006875 0.010000
3 0.377812 0.360417 0.006875 0.009167
3 0.424687 0.442083 0.006875 0.009167
3 0.462187 0.719583 0.006875 0.005833
